0 0.78828125 0.62734375 0.0453125 0.07890625
2 0.759375 0.7359375 0.07890625 0.20078125
1 0.59765625 0.7453125 0.06328125 0.1140625
1 0.42734375 0.6328125 0.0359375 0.04921875
1 0.42890625 0.5546875 0.04609375 0.05703125
1 0.35 0.6046875 0.03671875 0.07421875
1 0.325 0.69296875 0.06328125 0.07421875
2 0.05390625 0.77421875 0.059375 0.28515625
0 0.15 0.8671875 0.0796875 0.20078125
2 0.29375 0.58203125 0.06875 0.1359375
2 0.5046875 0.63046875 0.0375 0.16171875
2 0.50234375 0.509375 0.03125 0.06796875
0 0.51484375 0.83984375 0.10078125 0.18515625
0 0.39921875 0.74375 0.06015625 0.1453125