0 0.17734375 0.7171875 0.1015625 0.28515625
0 0.65 0.5921875 0.04453125 0.17421875
0 0.778125 0.56953125 0.0515625 0.18203125
0 0.8546875 0.540625 0.0484375 0.15
0 0.725 0.5203125 0.0359375 0.1171875
0 0.53203125 0.54609375 0.021875 0.1265625
2 0.33515625 0.46875 0.03359375 0.1390625
2 0.5 0.61484375 0.03984375 0.29453125
2 0.4640625 0.48984375 0.025 0.15859375
0 0.56328125 0.465625 0.0296875 0.08515625
2 0.634375 0.4546875 0.034375 0.08203125
2 0.19921875 0.503125 0.06875 0.16953125
1 0.409375 0.584375 0.04765625 0.06953125
1 0.36875 0.53828125 0.0453125 0.06171875
1 0.575 0.52265625 0.03203125 0.05078125