0 0.1703125 0.5453125 0.046875 0.17421875
0 0.68125 0.55390625 0.0359375 0.15703125
0 0.82109375 0.54140625 0.046875 0.16640625
0 0.76484375 0.51484375 0.0359375 0.134375
0 0.63984375 0.51640625 0.025 0.103125
1 0.61484375 0.4984375 0.0234375 0.04609375
1 0.38359375 0.52265625 0.03046875 0.05390625
1 0.4078125 0.49140625 0.02890625 0.03203125
1 0.31171875 0.45390625 0.0234375 0.05234375
1 0.278125 0.48046875 0.021875 0.05390625
2 0.24765625 0.46328125 0.03359375 0.1484375
2 0.33671875 0.52109375 0.034375 0.21171875
2 0.41875 0.4125 0.03203125 0.09375
2 0.50625 0.41328125 0.028125 0.07734375
2 0.721875 0.45859375 0.0359375 0.1171875
0 0.68984375 0.4359375 0.02109375 0.08203125
0 0.509375 0.5234375 0.05390625 0.1234375