0 0.1625 0.5359375 0.071875 0.19609375
0 0.50859375 0.55859375 0.0625 0.19453125
0 0.6890625 0.56640625 0.0375 0.17890625
0 0.81640625 0.55390625 0.0375 0.16640625
0 0.76640625 0.528125 0.0328125 0.19453125
0 0.63828125 0.51171875 0.028125 0.146875
2 0.24921875 0.48828125 0.046875 0.18984375
2 0.33359375 0.5578125 0.04765625 0.29765625
2 0.4203125 0.4265625 0.03046875 0.11875
2 0.50625 0.4234375 0.01875 0.06640625
2 0.7234375 0.47578125 0.02890625 0.15
1 0.61796875 0.4890625 0.01875 0.04296875
1 0.38359375 0.52265625 0.02421875 0.06640625
1 0.40625 0.4921875 0.02109375 0.04921875
1 0.3125 0.4546875 0.01875 0.04140625
0 0.69296875 0.4328125 0.02265625 0.07265625