1 0.14921875 0.715625 0.07890625 0.07890625
1 0.3890625 0.7453125 0.05703125 0.1015625
1 0.50390625 0.884375 0.084375 0.17265625
1 0.578125 0.6375 0.03828125 0.07421875
0 0.62890625 0.740625 0.06171875 0.16328125
0 0.6890625 0.6734375 0.02890625 0.1375
0 0.72421875 0.61796875 0.0296875 0.10625
0 0.90078125 0.8734375 0.0890625 0.221875
2 0.3171875 0.6109375 0.06953125 0.18203125
2 0.48828125 0.64609375 0.0390625 0.20234375
2 0.615625 0.57265625 0.04375 0.1296875
0 0.53125 0.55625 0.03671875 0.096875