0 0.17890625 0.70625 0.09609375 0.2546875
0 0.65078125 0.590625 0.06484375 0.18359375
0 0.78203125 0.5734375 0.04375 0.17734375
0 0.87109375 0.54140625 0.0984375 0.1359375
0 0.72265625 0.5234375 0.0359375 0.1203125
2 0.33359375 0.4890625 0.03984375 0.18515625
2 0.4625 0.4765625 0.0265625 0.1359375
2 0.48984375 0.60390625 0.05390625 0.29765625
2 0.62890625 0.45078125 0.04609375 0.08359375
0 0.56875 0.45703125 0.0359375 0.07734375
1 0.40546875 0.57578125 0.04921875 0.06171875
1 0.3734375 0.53203125 0.03125 0.04296875
2 0.19609375 0.515625 0.0578125 0.19765625
0 0.53515625 0.53828125 0.0375 0.1109375
1 0.571875 0.51640625 0.0375 0.03203125