0 0.196875 0.609375 0.06171875 0.23125
0 0.453125 0.675 0.03828125 0.19609375
0 0.515625 0.6078125 0.03984375 0.1515625
0 0.62265625 0.71328125 0.04765625 0.19765625
0 0.82578125 0.7546875 0.0453125 0.240625
0 0.78984375 0.6515625 0.03828125 0.15703125
0 0.64140625 0.58984375 0.04609375 0.07421875
1 0.4125 0.5859375 0.0359375 0.08203125
1 0.4640625 0.55 0.03125 0.07265625
1 0.4265625 0.5078125 0.034375 0.05859375
1 0.3671875 0.53828125 0.03125 0.08046875
2 0.553125 0.525 0.04375 0.1421875
2 0.51171875 0.49296875 0.0375 0.13125
2 0.77734375 0.54375 0.02890625 0.121875
2 0.2890625 0.6171875 0.0609375 0.21875
2 0.3296875 0.5453125 0.03828125 0.16171875