2 0.046875 0.796875 0.08515625 0.31640625
2 0.503125 0.6265625 0.0359375 0.1328125
2 0.77109375 0.74296875 0.04921875 0.2296875
2 0.2859375 0.60234375 0.040625 0.17421875
2 0.50234375 0.51953125 0.02578125 0.05390625
1 0.434375 0.56015625 0.04609375 0.07421875
1 0.34453125 0.603125 0.03984375 0.07734375
1 0.43203125 0.62734375 0.046875 0.05078125
1 0.30703125 0.68125 0.0484375 0.06328125
1 0.5953125 0.74453125 0.06328125 0.10625
0 0.4 0.76953125 0.053125 0.19609375
0 0.50859375 0.85625 0.0859375 0.20390625
0 0.1515625 0.88046875 0.06796875 0.2390625
0 0.7859375 0.60078125 0.0359375 0.04453125