0 0.17265625 0.71875 0.1078125 0.28359375
0 0.64765625 0.6015625 0.0484375 0.221875
0 0.7859375 0.58046875 0.04921875 0.17890625
0 0.85703125 0.5578125 0.0546875 0.2203125
0 0.72578125 0.540625 0.03125 0.16484375
0 0.53984375 0.55546875 0.04140625 0.1421875
1 0.41484375 0.590625 0.06953125 0.07890625
1 0.36328125 0.53203125 0.0515625 0.05234375
1 0.5671875 0.5125 0.02578125 0.05234375
2 0.1984375 0.50703125 0.0609375 0.15
2 0.33359375 0.45703125 0.03359375 0.1046875
2 0.46015625 0.475 0.02890625 0.1453125
2 0.50078125 0.603125 0.0625 0.31171875
2 0.63125 0.44296875 0.0375 0.08671875
0 0.5578125 0.45 0.03125 0.07265625