0 0.1890625 0.634375 0.053125 0.228125
0 0.45234375 0.6671875 0.03671875 0.20234375
0 0.634375 0.7359375 0.0421875 0.228125
0 0.82421875 0.75234375 0.0515625 0.18984375
0 0.79140625 0.64765625 0.034375 0.121875
0 0.64296875 0.6 0.0421875 0.08984375
0 0.5203125 0.60703125 0.040625 0.11875
2 0.28828125 0.65234375 0.0484375 0.30703125
2 0.32890625 0.553125 0.0328125 0.19609375
2 0.51015625 0.50078125 0.03671875 0.11875
2 0.55859375 0.5203125 0.0203125 0.1296875
2 0.77421875 0.54453125 0.021875 0.1046875
1 0.43515625 0.5125 0.046875 0.05546875
1 0.37578125 0.55234375 0.0359375 0.09296875
1 0.465625 0.54296875 0.03828125 0.04609375
1 0.409375 0.5890625 0.040625 0.05703125