1 0.15078125 0.7015625 0.08125 0.10625
1 0.3953125 0.76015625 0.05234375 0.1125
1 0.509375 0.87421875 0.08671875 0.17421875
1 0.57734375 0.63359375 0.053125 0.05078125
2 0.31796875 0.6078125 0.05546875 0.1484375
2 0.61875 0.5625 0.0265625 0.103125
0 0.7265625 0.61015625 0.03828125 0.09375
0 0.6859375 0.659375 0.03828125 0.11875
0 0.628125 0.7390625 0.05390625 0.16640625
2 0.49296875 0.65234375 0.04375 0.21484375
0 0.90703125 0.859375 0.084375 0.21015625
0 0.90390625 0.70390625 0.0578125 0.08671875
0 0.8875 0.6296875 0.05703125 0.06484375
0 0.528125 0.5359375 0.03203125 0.07890625