1 0.14375 0.715625 0.075 0.07265625
1 0.396875 0.73828125 0.06015625 0.07890625
1 0.5078125 0.890625 0.07109375 0.18828125
1 0.5734375 0.64140625 0.0375 0.07890625
2 0.61875 0.58671875 0.03046875 0.16640625
2 0.30703125 0.625 0.0625 0.19765625
2 0.48828125 0.63828125 0.04609375 0.20546875
0 0.5328125 0.55703125 0.03125 0.1265625
0 0.7234375 0.61640625 0.03359375 0.128125
0 0.6875 0.659375 0.03671875 0.146875
0 0.628125 0.740625 0.0515625 0.1328125
0 0.88984375 0.8484375 0.07734375 0.18828125
0 0.89140625 0.70234375 0.04453125 0.07109375
0 0.88671875 0.62734375 0.04609375 0.05390625