0 0.1734375 0.6921875 0.07734375 0.2640625
2 0.19609375 0.49453125 0.0640625 0.13125
2 0.49296875 0.584375 0.046875 0.2703125
2 0.3328125 0.475 0.0453125 0.1328125
2 0.46328125 0.4734375 0.02421875 0.1265625
2 0.634375 0.446875 0.02890625 0.08828125
0 0.85859375 0.54296875 0.04453125 0.1484375
0 0.78046875 0.56328125 0.03828125 0.1515625
0 0.72578125 0.5125 0.03671875 0.1109375
0 0.65390625 0.57421875 0.05546875 0.1484375
0 0.53828125 0.546875 0.03125 0.14375
1 0.40859375 0.58203125 0.065625 0.07421875
1 0.3703125 0.53671875 0.025 0.04609375
0 0.56171875 0.45078125 0.021875 0.05546875
1 0.5734375 0.51640625 0.02265625 0.04140625