0 0.16953125 0.55390625 0.06015625 0.19765625
0 0.509375 0.553125 0.05234375 0.19296875
0 0.684375 0.56171875 0.05 0.17890625
0 0.821875 0.53515625 0.04921875 0.15703125
0 0.76328125 0.51640625 0.0421875 0.128125
0 0.6375 0.51328125 0.02265625 0.11875
2 0.42109375 0.428125 0.03046875 0.11875
2 0.24765625 0.4703125 0.04765625 0.16015625
2 0.3375 0.52890625 0.0421875 0.2203125
2 0.71953125 0.503125 0.034375 0.24375
0 0.68984375 0.43828125 0.0328125 0.08046875
1 0.6140625 0.4953125 0.02578125 0.03671875
1 0.3765625 0.52421875 0.02421875 0.06953125
1 0.40546875 0.49375 0.02421875 0.03125
2 0.50703125 0.4125 0.04453125 0.07890625
1 0.309375 0.459375 0.028125 0.05390625