0 0.2015625 0.62734375 0.04921875 0.19921875
0 0.4546875 0.66796875 0.03828125 0.18515625
0 0.63203125 0.72578125 0.05234375 0.20859375
0 0.8234375 0.73203125 0.05234375 0.17734375
0 0.7953125 0.6203125 0.04140625 0.08671875
0 0.64140625 0.59921875 0.03828125 0.06328125
0 0.51875 0.6046875 0.03984375 0.1203125
1 0.46875 0.54921875 0.03671875 0.04609375
1 0.4125 0.59140625 0.03671875 0.06484375
1 0.365625 0.5296875 0.028125 0.04921875
1 0.425 0.50703125 0.02421875 0.05390625
2 0.28671875 0.63515625 0.059375 0.2453125
2 0.32734375 0.528125 0.0375 0.1453125
2 0.77421875 0.53359375 0.0375 0.0984375
2 0.559375 0.53046875 0.028125 0.15
2 0.509375 0.48671875 0.0390625 0.096875