0 0.1734375 0.7078125 0.0921875 0.2671875
0 0.65859375 0.5921875 0.07109375 0.18359375
0 0.78046875 0.5796875 0.0515625 0.19609375
0 0.85859375 0.5421875 0.0703125 0.18359375
0 0.72421875 0.52109375 0.03828125 0.128125
0 0.53359375 0.55234375 0.02421875 0.1265625
0 0.5640625 0.45234375 0.02578125 0.08984375
2 0.20390625 0.51171875 0.0546875 0.16796875
2 0.33203125 0.45703125 0.04609375 0.1078125
2 0.4921875 0.603125 0.0625 0.28125
2 0.634375 0.45390625 0.0359375 0.07734375
1 0.41015625 0.578125 0.053125 0.06328125
1 0.36875 0.5390625 0.04453125 0.04140625
1 0.57109375 0.52109375 0.0328125 0.04765625