0 0.19296875 0.63203125 0.0625 0.19609375
0 0.453125 0.6765625 0.03828125 0.19921875
0 0.63125 0.71484375 0.0515625 0.20078125
0 0.825 0.740625 0.0421875 0.19765625
0 0.79140625 0.6375 0.025 0.1046875
0 0.52109375 0.61875 0.0390625 0.1484375
2 0.334375 0.571875 0.03828125 0.2265625
2 0.28203125 0.640625 0.05390625 0.253125
2 0.5140625 0.5046875 0.02578125 0.1078125
2 0.5609375 0.52421875 0.03046875 0.121875
2 0.778125 0.5484375 0.03125 0.109375
1 0.66328125 0.57578125 0.03203125 0.03671875
1 0.4265625 0.5046875 0.03203125 0.05859375
1 0.36875 0.53359375 0.021875 0.06484375
1 0.46875 0.55 0.02109375 0.05390625
1 0.409375 0.58984375 0.0296875 0.06171875
0 0.64375 0.5953125 0.0265625 0.04609375