1 0.15390625 0.71171875 0.0734375 0.08984375
1 0.3875 0.7375 0.06328125 0.0953125
1 0.50546875 0.8765625 0.07734375 0.16328125
1 0.57578125 0.6375 0.040625 0.06171875
1 0.90390625 0.86015625 0.103125 0.21484375
1 0.6203125 0.72734375 0.04765625 0.134375
1 0.68203125 0.67265625 0.03203125 0.1515625
1 0.725 0.61328125 0.03984375 0.115625
0 0.528125 0.5578125 0.03046875 0.1125
2 0.30703125 0.6078125 0.0515625 0.16328125
2 0.4859375 0.64375 0.04453125 0.19453125
2 0.61640625 0.5625 0.03046875 0.1125