0 0.1703125 0.5640625 0.0609375 0.19296875
0 0.50859375 0.5453125 0.04765625 0.16484375
0 0.68203125 0.54453125 0.04140625 0.1453125
0 0.81875 0.5453125 0.034375 0.15859375
0 0.76640625 0.52578125 0.03203125 0.146875
0 0.6390625 0.50390625 0.02421875 0.121875
2 0.340625 0.53046875 0.04609375 0.2359375
2 0.24453125 0.48359375 0.05390625 0.18984375
2 0.42109375 0.4203125 0.0390625 0.103125
2 0.509375 0.4203125 0.0328125 0.07890625
2 0.725 0.471875 0.025 0.16015625
0 0.68671875 0.42109375 0.028125 0.07421875
1 0.3765625 0.521875 0.02421875 0.05546875
1 0.40625 0.50078125 0.03125 0.04765625
1 0.31015625 0.4625 0.015625 0.05390625
1 0.6140625 0.49140625 0.02578125 0.03203125