0 0.16875 0.7203125 0.1046875 0.29921875
0 0.7859375 0.56875 0.04453125 0.17734375
0 0.8578125 0.5484375 0.0421875 0.16171875
0 0.72421875 0.528125 0.04609375 0.1484375
0 0.5375 0.5390625 0.03359375 0.11875
0 0.6515625 0.58828125 0.0484375 0.18828125
1 0.40546875 0.5859375 0.0625 0.09140625
1 0.365625 0.53203125 0.03046875 0.05859375
0 0.5640625 0.45859375 0.0203125 0.0984375
2 0.63671875 0.459375 0.03359375 0.1
2 0.33359375 0.47265625 0.05703125 0.14375
2 0.20078125 0.51171875 0.059375 0.17734375
2 0.490625 0.59296875 0.06953125 0.278125