0 0.171875 0.69140625 0.1078125 0.253125
0 0.6609375 0.6171875 0.0734375 0.234375
0 0.8546875 0.534375 0.04453125 0.18984375
0 0.784375 0.55546875 0.0484375 0.19140625
0 0.7265625 0.51875 0.03984375 0.1296875
0 0.5359375 0.54921875 0.021875 0.1171875
0 0.5640625 0.4578125 0.0265625 0.06953125
1 0.36796875 0.540625 0.0421875 0.05703125
1 0.4078125 0.57578125 0.05625 0.07109375
2 0.33046875 0.475 0.04375 0.1296875
2 0.19296875 0.49296875 0.0578125 0.121875
2 0.490625 0.62265625 0.06796875 0.34140625
2 0.63125 0.45 0.034375 0.096875
1 0.57109375 0.5109375 0.0390625 0.03984375