2 0.31328125 0.6109375 0.04375 0.1484375
2 0.4921875 0.6359375 0.0359375 0.16953125
2 0.61953125 0.56484375 0.028125 0.1109375
1 0.1546875 0.721875 0.0859375 0.10390625
1 0.38828125 0.78359375 0.07265625 0.16875
1 0.51171875 0.8890625 0.08125 0.17890625
1 0.5796875 0.653125 0.0453125 0.0953125
0 0.1734375 0.9 0.11015625 0.2
0 0.63984375 0.7734375 0.06484375 0.190625
0 0.52578125 0.5609375 0.03046875 0.13125
0 0.6984375 0.7109375 0.05703125 0.203125
0 0.7375 0.6078125 0.0515625 0.11171875
0 0.9296875 0.87734375 0.140625 0.2453125
0 0.92421875 0.73125 0.11328125 0.134375