2 0.75546875 0.7265625 0.0703125 0.225
2 0.4984375 0.621875 0.03828125 0.1453125
1 0.43828125 0.56875 0.03984375 0.07578125
1 0.3484375 0.59453125 0.0359375 0.06640625
1 0.42890625 0.63046875 0.0390625 0.05390625
1 0.3265625 0.6796875 0.07265625 0.04765625
0 0.09453125 0.68046875 0.05234375 0.17578125
2 0.05 0.784375 0.0765625 0.30078125
0 0.15703125 0.8828125 0.07109375 0.19453125
2 0.29140625 0.60078125 0.0453125 0.15859375
0 0.39609375 0.75703125 0.053125 0.18671875
0 0.5171875 0.853125 0.06796875 0.21640625
1 0.59765625 0.740625 0.06484375 0.1046875
2 0.496875 0.51875 0.03828125 0.05546875
0 0.7921875 0.6234375 0.02578125 0.08984375