0 0.19765625 0.60703125 0.0453125 0.17421875
0 0.45078125 0.66875 0.03984375 0.17421875
0 0.52109375 0.6046875 0.040625 0.1265625
0 0.6359375 0.71484375 0.0484375 0.18828125
0 0.8296875 0.73984375 0.05703125 0.19609375
0 0.7890625 0.62890625 0.03671875 0.10625
0 0.646875 0.6125 0.046875 0.08984375
0 0.515625 0.6109375 0.046875 0.1328125
2 0.77578125 0.54375 0.03125 0.103125
2 0.559375 0.5171875 0.0359375 0.1203125
2 0.5109375 0.49296875 0.04453125 0.103125
2 0.33046875 0.5328125 0.03828125 0.17421875
2 0.2859375 0.66953125 0.0578125 0.33984375
1 0.4171875 0.5890625 0.04140625 0.05703125
1 0.46796875 0.55078125 0.0359375 0.05859375
1 0.43203125 0.5125 0.0328125 0.04921875
1 0.36875 0.540625 0.0296875 0.06328125