0 0.196875 0.628125 0.0578125 0.21015625
0 0.8265625 0.740625 0.05703125 0.18828125
0 0.79609375 0.63046875 0.03671875 0.115625
0 0.628125 0.7125 0.0546875 0.18359375
0 0.45 0.6765625 0.03984375 0.2203125
0 0.51640625 0.61796875 0.046875 0.17109375
2 0.28984375 0.64453125 0.046875 0.2734375
2 0.33515625 0.55234375 0.028125 0.20390625
2 0.509375 0.478125 0.03671875 0.1109375
2 0.55625 0.52578125 0.03125 0.15
2 0.7671875 0.5375 0.03828125 0.10625
1 0.43515625 0.5125 0.03671875 0.03984375
1 0.37578125 0.5375 0.0359375 0.05078125
1 0.4703125 0.55546875 0.0328125 0.03125
1 0.41015625 0.59140625 0.0375 0.04921875