0 0.1734375 0.70390625 0.11171875 0.278125
2 0.19453125 0.51484375 0.065625 0.17109375
2 0.33359375 0.4765625 0.0421875 0.1359375
2 0.46328125 0.47578125 0.02109375 0.128125
2 0.4875 0.634375 0.05703125 0.33984375
2 0.63515625 0.44609375 0.025 0.07421875
0 0.86015625 0.5515625 0.05546875 0.18046875
0 0.78828125 0.56640625 0.06171875 0.16328125
0 0.72421875 0.51484375 0.04140625 0.109375
0 0.65703125 0.578125 0.06953125 0.17421875
0 0.53359375 0.54453125 0.0265625 0.1171875
1 0.4109375 0.584375 0.05234375 0.06640625
1 0.36171875 0.53828125 0.04609375 0.04609375
1 0.5671875 0.51953125 0.028125 0.04453125
0 0.56328125 0.45234375 0.03046875 0.06171875