0 0.171875 0.5640625 0.05 0.17421875
0 0.509375 0.53984375 0.04921875 0.1546875
0 0.6828125 0.54375 0.05546875 0.13125
0 0.76171875 0.52109375 0.0375 0.1125
0 0.8140625 0.54609375 0.053125 0.1453125
0 0.6375 0.50546875 0.03125 0.096875
2 0.41953125 0.42265625 0.03046875 0.1109375
2 0.240625 0.46875 0.0421875 0.18984375
1 0.30859375 0.4578125 0.025 0.05078125
1 0.2765625 0.47890625 0.03046875 0.04453125
1 0.38046875 0.5140625 0.03203125 0.06171875
1 0.40546875 0.490625 0.02578125 0.04296875
1 0.6109375 0.49375 0.0328125 0.04921875
2 0.503125 0.4140625 0.0484375 0.09140625
2 0.72109375 0.45625 0.03359375 0.15
0 0.68984375 0.43828125 0.02421875 0.1109375
2 0.34140625 0.50390625 0.04609375 0.2328125