0 0.1734375 0.71328125 0.1078125 0.28984375
0 0.66171875 0.590625 0.059375 0.17734375
0 0.78203125 0.5609375 0.0390625 0.16484375
0 0.85703125 0.54609375 0.06015625 0.15703125
0 0.72734375 0.52109375 0.03984375 0.115625
0 0.53515625 0.54453125 0.0265625 0.1203125
2 0.334375 0.45859375 0.05546875 0.1140625
2 0.4625 0.4640625 0.0296875 0.1125
2 0.4921875 0.60390625 0.0453125 0.29140625
2 0.6296875 0.44296875 0.03359375 0.06484375
0 0.5640625 0.446875 0.0328125 0.05703125
1 0.40390625 0.584375 0.05703125 0.07890625
1 0.37265625 0.5296875 0.04375 0.05546875
2 0.2046875 0.4921875 0.0734375 0.1515625