0 0.81875 0.57421875 0.0515625 0.225
0 0.76484375 0.53046875 0.03046875 0.153125
0 0.6828125 0.5703125 0.0421875 0.17109375
0 0.640625 0.52265625 0.028125 0.115625
0 0.50859375 0.55 0.03828125 0.17109375
0 0.1625 0.5671875 0.0578125 0.19921875
2 0.24765625 0.48203125 0.03984375 0.17734375
2 0.3375 0.52734375 0.04375 0.20546875
2 0.4171875 0.42109375 0.028125 0.1109375
2 0.50859375 0.41796875 0.028125 0.08359375
1 0.3078125 0.459375 0.01875 0.04765625
1 0.2765625 0.47734375 0.0234375 0.03828125
1 0.38203125 0.5328125 0.02890625 0.06640625
1 0.39765625 0.48828125 0.03359375 0.03828125
1 0.6109375 0.49765625 0.028125 0.04453125
2 0.721875 0.4640625 0.03828125 0.15625
0 0.68984375 0.44375 0.01875 0.08828125