0 0.17421875 0.71875 0.0875 0.31484375
0 0.653125 0.59375 0.065625 0.19296875
0 0.7796875 0.571875 0.046875 0.18984375
0 0.85859375 0.540625 0.05703125 0.16796875
0 0.72421875 0.5328125 0.0453125 0.146875
0 0.53359375 0.54765625 0.03125 0.1046875
0 0.565625 0.46171875 0.034375 0.06484375
1 0.40703125 0.5859375 0.04765625 0.08828125
1 0.3609375 0.5296875 0.04453125 0.04609375
1 0.57109375 0.5203125 0.03046875 0.03984375
2 0.33125 0.44921875 0.0421875 0.1109375
2 0.4578125 0.46796875 0.03203125 0.1296875
2 0.63515625 0.4359375 0.028125 0.09140625