0 0.16953125 0.590625 0.0625 0.25078125
0 0.4125 0.64140625 0.0609375 0.2390625
0 0.68515625 0.58671875 0.0515625 0.21796875
0 0.82265625 0.58046875 0.05 0.19609375
0 0.690625 0.43046875 0.03125 0.09375
2 0.33984375 0.55859375 0.04453125 0.2796875
2 0.25078125 0.45234375 0.03359375 0.1046875
2 0.42109375 0.41953125 0.03671875 0.109375
2 0.50546875 0.41875 0.034375 0.06875
0 0.7640625 0.54296875 0.0375 0.16328125
1 0.38671875 0.5484375 0.0453125 0.11875
1 0.61171875 0.4890625 0.03359375 0.03515625
1 0.28515625 0.5140625 0.02890625 0.0984375
1 0.31015625 0.4640625 0.02109375 0.06875
0 0.478125 0.52109375 0.0203125 0.103125
0 0.61484375 0.41953125 0.0859375 0.3546875