0 0.203125 0.63359375 0.046875 0.16796875
0 0.45390625 0.6703125 0.03125 0.19609375
0 0.51875 0.6078125 0.03671875 0.1234375
0 0.628125 0.725 0.04140625 0.21640625
0 0.82578125 0.7453125 0.0515625 0.19765625
0 0.79375 0.64296875 0.03203125 0.13125
1 0.4359375 0.51015625 0.0375 0.04765625
1 0.3703125 0.5421875 0.03203125 0.06640625
2 0.55859375 0.553125 0.0359375 0.18046875
2 0.50546875 0.48671875 0.0390625 0.096875
2 0.7828125 0.53984375 0.04140625 0.0984375
2 0.3328125 0.5546875 0.03359375 0.19296875
2 0.29140625 0.6390625 0.05390625 0.246875
0 0.64375 0.59296875 0.03828125 0.08671875
1 0.40703125 0.5890625 0.02890625 0.05390625
1 0.4640625 0.55 0.03828125 0.03203125