0 0.19375 0.63828125 0.0609375 0.19296875
0 0.82265625 0.75859375 0.059375 0.20546875
0 0.784375 0.634375 0.03359375 0.0984375
0 0.63125 0.725 0.04609375 0.19140625
0 0.63515625 0.59375 0.03203125 0.06484375
0 0.521875 0.60546875 0.03984375 0.1125
0 0.45625 0.65703125 0.0375 0.16328125
1 0.4703125 0.55546875 0.02421875 0.03984375
1 0.41171875 0.5890625 0.04375 0.05390625
1 0.3671875 0.5375 0.02578125 0.06328125
1 0.43203125 0.50625 0.03046875 0.03984375
2 0.771875 0.540625 0.0390625 0.09375
2 0.559375 0.52109375 0.03359375 0.115625
2 0.5109375 0.4828125 0.046875 0.1171875
2 0.32890625 0.546875 0.03828125 0.16171875
2 0.2875 0.6125 0.05234375 0.20078125