0 0.19765625 0.6265625 0.03984375 0.19453125
0 0.5171875 0.6265625 0.03125 0.15703125
0 0.63203125 0.7171875 0.04609375 0.19609375
0 0.82734375 0.74765625 0.05703125 0.20234375
0 0.78828125 0.64453125 0.03984375 0.11875
0 0.640625 0.60703125 0.03125 0.096875
2 0.2875 0.65390625 0.0453125 0.29765625
2 0.32890625 0.54765625 0.034375 0.19140625
1 0.36796875 0.54375 0.01875 0.08515625
1 0.4265625 0.5109375 0.0296875 0.04921875
1 0.4734375 0.5578125 0.0296875 0.04453125
1 0.409375 0.5859375 0.0296875 0.05703125
2 0.77578125 0.54453125 0.03046875 0.1078125
2 0.50859375 0.48671875 0.0296875 0.08203125
2 0.5578125 0.52265625 0.025 0.11875