0 0.171875 0.57265625 0.05 0.228125
0 0.5140625 0.540625 0.053125 0.17109375
0 0.6359375 0.52578125 0.0265625 0.128125
0 0.6828125 0.5625 0.03359375 0.16484375
0 0.82265625 0.546875 0.05234375 0.1375
0 0.765625 0.52265625 0.034375 0.121875
0 0.68828125 0.4328125 0.0234375 0.06953125
2 0.72421875 0.471875 0.02890625 0.16640625
2 0.5046875 0.4109375 0.0359375 0.07578125
2 0.4171875 0.425 0.034375 0.115625
2 0.33828125 0.5265625 0.05234375 0.20390625
2 0.2453125 0.475 0.03359375 0.16015625
1 0.30546875 0.45859375 0.02265625 0.04296875
1 0.27109375 0.48828125 0.0265625 0.06328125
1 0.4015625 0.4921875 0.02421875 0.03125
1 0.38203125 0.51328125 0.0203125 0.06015625
1 0.6140625 0.49765625 0.0234375 0.03828125