0 0.1703125 0.70625 0.1140625 0.2578125
0 0.6546875 0.60703125 0.059375 0.21484375
0 0.784375 0.5765625 0.046875 0.18984375
0 0.85546875 0.5375 0.0421875 0.15625
0 0.72109375 0.51015625 0.0375 0.125
0 0.53359375 0.53984375 0.03359375 0.1015625
1 0.36953125 0.53828125 0.03203125 0.03984375
1 0.40859375 0.59140625 0.03125 0.09296875
2 0.19765625 0.51875 0.059375 0.18515625
2 0.4640625 0.48125 0.02578125 0.18203125
2 0.33046875 0.45703125 0.04921875 0.1421875
2 0.63359375 0.4515625 0.028125 0.09375
0 0.5640625 0.45234375 0.0296875 0.06171875
1 0.56796875 0.515625 0.0265625 0.04296875
2 0.49140625 0.64375 0.0640625 0.3578125