0 0.159375 0.53515625 0.06328125 0.20390625
0 0.51015625 0.53125 0.0546875 0.153125
0 0.68203125 0.54140625 0.0390625 0.1484375
0 0.8140625 0.52890625 0.03671875 0.146875
0 0.7640625 0.51640625 0.03046875 0.153125
0 0.68984375 0.42890625 0.0296875 0.07734375
0 0.6375 0.49453125 0.03046875 0.1125
1 0.38203125 0.5140625 0.03203125 0.05234375
1 0.40703125 0.48046875 0.01875 0.07578125
1 0.30546875 0.45 0.025 0.04453125
2 0.246875 0.4625 0.0328125 0.15859375
2 0.3375 0.51484375 0.04375 0.21484375
2 0.41875 0.39921875 0.046875 0.08828125
2 0.50546875 0.4234375 0.05 0.09140625
2 0.72421875 0.46875 0.02890625 0.1515625
1 0.6125 0.4953125 0.0296875 0.05234375