0 0.1984375 0.61875 0.04453125 0.18203125
0 0.82421875 0.74609375 0.04609375 0.21484375
0 0.790625 0.6421875 0.034375 0.1359375
0 0.6234375 0.7125 0.0453125 0.21484375
1 0.43203125 0.5078125 0.0390625 0.05234375
1 0.36875 0.55078125 0.03359375 0.07734375
1 0.4671875 0.55703125 0.02265625 0.05546875
1 0.41484375 0.58203125 0.02890625 0.05546875
0 0.521875 0.61484375 0.040625 0.15
2 0.51328125 0.4890625 0.034375 0.1046875
2 0.5625 0.521875 0.03671875 0.16015625
2 0.7796875 0.5421875 0.03203125 0.109375
0 0.45859375 0.67890625 0.040625 0.19453125
2 0.2828125 0.625 0.0546875 0.240625
2 0.33203125 0.56796875 0.0375 0.228125
1 0.6609375 0.58515625 0.0140625 0.04609375