0 0.1625 0.71015625 0.10390625 0.2625
0 0.64765625 0.58828125 0.06171875 0.18203125
0 0.7796875 0.58515625 0.04453125 0.20078125
0 0.8578125 0.54296875 0.05390625 0.16640625
0 0.721875 0.52734375 0.04609375 0.15625
0 0.53671875 0.5484375 0.03359375 0.1375
0 0.5640625 0.453125 0.0234375 0.09375
1 0.4046875 0.58515625 0.0546875 0.07734375
1 0.3671875 0.53671875 0.04140625 0.03671875
2 0.2046875 0.49453125 0.0578125 0.17109375
2 0.4953125 0.60703125 0.06953125 0.28203125
2 0.46015625 0.42578125 0.046875 0.07109375
2 0.63828125 0.45078125 0.03828125 0.08046875
1 0.56796875 0.51484375 0.0296875 0.04765625
2 0.33671875 0.4671875 0.03984375 0.11875