0 0.1984375 0.6078125 0.05390625 0.18203125
0 0.4484375 0.6640625 0.04140625 0.18359375
0 0.6328125 0.70703125 0.05703125 0.17890625
0 0.8234375 0.7421875 0.053125 0.21015625
0 0.7921875 0.62890625 0.03359375 0.09140625
0 0.64375 0.6 0.05390625 0.08359375
2 0.77265625 0.54921875 0.0375 0.1234375
2 0.5578125 0.54140625 0.0375 0.16015625
2 0.51171875 0.4890625 0.02890625 0.1078125
0 0.51953125 0.6046875 0.0375 0.1078125
1 0.43515625 0.51484375 0.0515625 0.06953125
1 0.3703125 0.54296875 0.0359375 0.08046875
1 0.41328125 0.590625 0.02890625 0.06328125
1 0.46796875 0.55 0.03125 0.06640625
2 0.33203125 0.5390625 0.0265625 0.18046875
2 0.28671875 0.65234375 0.05546875 0.32890625