0 0.16953125 0.70390625 0.0921875 0.271875
0 0.65703125 0.5875 0.07265625 0.16484375
0 0.78125 0.559375 0.0609375 0.20234375
0 0.85703125 0.53828125 0.0734375 0.19140625
0 0.72578125 0.509375 0.04765625 0.1296875
0 0.5328125 0.540625 0.03046875 0.109375
1 0.40390625 0.57109375 0.04453125 0.07734375
1 0.365625 0.5328125 0.03671875 0.05078125
2 0.2015625 0.496875 0.06953125 0.19140625
2 0.490625 0.578125 0.0703125 0.2484375
2 0.63046875 0.45234375 0.03359375 0.09296875
0 0.56796875 0.4578125 0.03359375 0.07890625
2 0.3328125 0.44375 0.0484375 0.115625