0 0.165625 0.55234375 0.05 0.20390625
0 0.509375 0.55546875 0.05390625 0.18828125
0 0.67890625 0.5578125 0.0421875 0.16484375
0 0.815625 0.5484375 0.03984375 0.20234375
0 0.7671875 0.53828125 0.028125 0.17890625
0 0.6359375 0.51640625 0.03046875 0.1375
2 0.2453125 0.478125 0.0328125 0.18515625
2 0.340625 0.553125 0.040625 0.2609375
2 0.42578125 0.42578125 0.0359375 0.1296875
2 0.5078125 0.42109375 0.034375 0.08359375
2 0.721875 0.465625 0.0265625 0.14375
0 0.68828125 0.4359375 0.02578125 0.1125
1 0.30859375 0.45625 0.0203125 0.04453125
1 0.27265625 0.4796875 0.034375 0.03671875
1 0.3796875 0.52578125 0.028125 0.04765625
1 0.40546875 0.49140625 0.034375 0.04765625
1 0.61484375 0.49296875 0.02109375 0.03828125