0 0.1625 0.5421875 0.0765625 0.18671875
0 0.51875 0.55859375 0.078125 0.19453125
0 0.684375 0.54921875 0.0359375 0.17265625
0 0.81640625 0.534375 0.04609375 0.17734375
0 0.7625 0.52734375 0.04140625 0.17421875
0 0.64296875 0.5046875 0.03203125 0.1171875
2 0.246875 0.475 0.034375 0.18203125
2 0.33671875 0.51953125 0.0375 0.20859375
2 0.4203125 0.4171875 0.0375 0.115625
2 0.5046875 0.41015625 0.03125 0.07421875
2 0.72109375 0.4453125 0.034375 0.1125
0 0.6890625 0.43515625 0.025 0.0984375
1 0.61328125 0.48984375 0.0421875 0.06640625
1 0.37734375 0.5171875 0.02578125 0.06484375
1 0.40390625 0.49296875 0.01640625 0.05078125
1 0.3109375 0.4578125 0.0203125 0.05390625