0 0.16484375 0.5875 0.0625 0.28203125
0 0.50546875 0.5484375 0.0625 0.18671875
0 0.6828125 0.5671875 0.0484375 0.18359375
0 0.825 0.553125 0.04765625 0.17421875
0 0.7625 0.5234375 0.046875 0.15703125
0 0.64140625 0.5265625 0.0328125 0.1203125
1 0.61328125 0.49453125 0.03046875 0.04140625
1 0.38125 0.52734375 0.0296875 0.07578125
1 0.40234375 0.4953125 0.03046875 0.04609375
1 0.31015625 0.4609375 0.02890625 0.06328125
1 0.278125 0.48984375 0.03046875 0.05390625
2 0.24609375 0.49140625 0.03046875 0.21484375
2 0.3421875 0.540625 0.04375 0.2609375
2 0.42421875 0.43984375 0.03359375 0.1328125
2 0.50859375 0.41796875 0.0390625 0.1015625
2 0.72578125 0.4671875 0.0265625 0.14375
0 0.69375 0.43515625 0.02109375 0.08671875