0 0.19453125 0.6203125 0.0578125 0.19453125
2 0.2859375 0.61640625 0.04609375 0.2265625
2 0.5078125 0.48359375 0.034375 0.11875
2 0.559375 0.5328125 0.0328125 0.15859375
2 0.775 0.53671875 0.03203125 0.08671875
0 0.4484375 0.66328125 0.046875 0.20390625
0 0.63125 0.70703125 0.053125 0.16015625
0 0.825 0.74765625 0.05390625 0.2203125
0 0.79375 0.640625 0.04453125 0.0953125
0 0.64140625 0.60703125 0.04140625 0.08828125
0 0.51875 0.60078125 0.04453125 0.1125
1 0.37109375 0.54765625 0.0390625 0.07109375
1 0.43046875 0.5078125 0.0390625 0.05859375
1 0.4125 0.58515625 0.0296875 0.04296875
1 0.4671875 0.55390625 0.0390625 0.03984375
2 0.33125 0.54140625 0.02890625 0.19140625