0 0.19375 0.63125 0.05546875 0.21875
0 0.821875 0.7421875 0.04921875 0.20078125
0 0.63046875 0.7125 0.04453125 0.18046875
0 0.78984375 0.64609375 0.034375 0.10625
0 0.64375 0.61484375 0.03359375 0.109375
0 0.52109375 0.61484375 0.034375 0.128125
2 0.5578125 0.53671875 0.034375 0.1421875
2 0.33046875 0.56796875 0.03125 0.21015625
2 0.51484375 0.48984375 0.028125 0.125
1 0.43046875 0.50625 0.040625 0.04921875
1 0.371875 0.53359375 0.03984375 0.05859375
2 0.28515625 0.66796875 0.06484375 0.32421875
2 0.775 0.53359375 0.04609375 0.08671875
1 0.4734375 0.54921875 0.03828125 0.04296875
1 0.415625 0.59609375 0.0390625 0.06328125
0 0.45859375 0.678125 0.0421875 0.20859375