0 0.19609375 0.64375 0.053125 0.19453125
0 0.51875 0.60625 0.046875 0.1328125
0 0.63515625 0.7140625 0.0546875 0.17109375
0 0.82578125 0.7328125 0.059375 0.19140625
0 0.7953125 0.6171875 0.0359375 0.06796875
0 0.64375 0.60390625 0.04140625 0.08515625
1 0.47421875 0.55703125 0.03125 0.06171875
1 0.4078125 0.58828125 0.04609375 0.05859375
1 0.371875 0.53671875 0.03125 0.05859375
1 0.43046875 0.50703125 0.03203125 0.04140625
2 0.33203125 0.553125 0.03359375 0.16484375
2 0.28359375 0.6484375 0.06015625 0.265625
2 0.56015625 0.546875 0.034375 0.15625
2 0.50859375 0.4859375 0.034375 0.1171875
2 0.771875 0.5546875 0.01640625 0.128125
0 0.44453125 0.6671875 0.02890625 0.18671875