0 0.78828125 0.6015625 0.04609375 0.07734375
2 0.7640625 0.75 0.0625 0.228125
2 0.5015625 0.6234375 0.03125 0.1265625
2 0.5046875 0.521875 0.034375 0.05859375
2 0.28984375 0.58515625 0.04375 0.1390625
2 0.04921875 0.771875 0.0546875 0.28125
1 0.59296875 0.7359375 0.0671875 0.07734375
1 0.428125 0.63359375 0.03203125 0.06640625
1 0.43515625 0.54921875 0.03125 0.04921875
1 0.35234375 0.59765625 0.04921875 0.06953125
1 0.3171875 0.6828125 0.06484375 0.04765625
0 0.39375 0.74765625 0.04140625 0.15625
0 0.5109375 0.84609375 0.08828125 0.19296875
0 0.1546875 0.8828125 0.0765625 0.19765625
0 0.1 0.65703125 0.03359375 0.1265625