0 0.1625 0.57890625 0.065625 0.24375
0 0.50546875 0.56171875 0.04921875 0.21015625
0 0.6859375 0.578125 0.04609375 0.21171875
0 0.8171875 0.571875 0.0359375 0.19609375
0 0.7640625 0.52734375 0.03828125 0.15625
0 0.6359375 0.51953125 0.02890625 0.121875
2 0.34296875 0.60859375 0.04609375 0.375
2 0.42421875 0.42578125 0.03671875 0.1203125
2 0.5046875 0.4171875 0.028125 0.07890625
2 0.72265625 0.47421875 0.03359375 0.18671875
0 0.68828125 0.4390625 0.0328125 0.09140625
1 0.61171875 0.49609375 0.0234375 0.03828125
1 0.384375 0.52578125 0.01796875 0.05078125
1 0.4015625 0.4984375 0.02578125 0.03984375
1 0.3109375 0.4515625 0.0171875 0.04140625
1 0.275 0.478125 0.021875 0.04609375
2 0.23984375 0.49296875 0.04140625 0.20234375