1 0.5921875 0.73125 0.05390625 0.06796875
1 0.4265625 0.634375 0.053125 0.03984375
1 0.43359375 0.55234375 0.0515625 0.05234375
1 0.34453125 0.58671875 0.03671875 0.03984375
2 0.2890625 0.5875 0.046875 0.125
2 0.5015625 0.51796875 0.03359375 0.05390625
2 0.50546875 0.61171875 0.0484375 0.1125
2 0.76484375 0.7375 0.06953125 0.18515625
0 0.78671875 0.60390625 0.0328125 0.06328125
0 0.51328125 0.840625 0.07890625 0.17734375
0 0.39296875 0.73984375 0.04765625 0.146875
1 0.315625 0.6859375 0.0453125 0.05390625
2 0.04765625 0.76640625 0.06953125 0.2421875
0 0.146875 0.878125 0.078125 0.19453125