1 0.590625 0.7359375 0.071875 0.07109375
1 0.42578125 0.62578125 0.0359375 0.05703125
1 0.4375 0.55 0.03671875 0.05390625
1 0.34609375 0.5875 0.0328125 0.04765625
1 0.32265625 0.68125 0.05625 0.06328125
2 0.7625 0.7328125 0.06015625 0.20078125
2 0.50234375 0.61875 0.034375 0.1296875
2 0.0453125 0.76796875 0.05390625 0.2421875
0 0.09453125 0.6703125 0.04140625 0.11875
0 0.146875 0.88828125 0.084375 0.19921875
2 0.2921875 0.58203125 0.0359375 0.1296875
0 0.51640625 0.84453125 0.059375 0.17109375
0 0.39296875 0.7515625 0.04453125 0.17578125
2 0.50390625 0.51796875 0.0515625 0.06953125
2 0.7828125 0.596875 0.053125 0.05859375