0 0.17109375 0.69453125 0.08046875 0.234375
0 0.653125 0.58671875 0.04140625 0.16640625
0 0.78203125 0.56796875 0.04765625 0.15703125
0 0.8546875 0.5453125 0.04453125 0.15
0 0.7265625 0.52890625 0.03671875 0.121875
0 0.53828125 0.55234375 0.02890625 0.1296875
2 0.203125 0.51484375 0.05234375 0.15
2 0.33046875 0.45234375 0.053125 0.1140625
2 0.49375 0.6078125 0.0515625 0.275
2 0.459375 0.44921875 0.0359375 0.0984375
2 0.63359375 0.4609375 0.0265625 0.10625
0 0.56328125 0.45390625 0.02578125 0.08046875
1 0.40078125 0.58515625 0.05234375 0.09296875
1 0.365625 0.5359375 0.03671875 0.03515625
1 0.575 0.515625 0.040625 0.03125