1 0.43359375 0.559375 0.025 0.06953125
1 0.34296875 0.5890625 0.03203125 0.05703125
1 0.42109375 0.63203125 0.03671875 0.05390625
1 0.3140625 0.68515625 0.05390625 0.04921875
1 0.5953125 0.7359375 0.0796875 0.06796875
2 0.7609375 0.7453125 0.0765625 0.21640625
2 0.50078125 0.625 0.02890625 0.1328125
2 0.4984375 0.51953125 0.028125 0.06328125
2 0.29375 0.58203125 0.040625 0.1140625
2 0.0453125 0.77109375 0.05546875 0.2609375
0 0.14921875 0.8765625 0.07890625 0.20390625
0 0.38515625 0.73515625 0.04375 0.13125
0 0.5046875 0.83828125 0.0578125 0.17265625
0 0.78203125 0.6015625 0.0359375 0.06484375