0 0.178125 0.70078125 0.09921875 0.24375
0 0.86015625 0.5625 0.05625 0.17734375
0 0.7765625 0.57109375 0.05546875 0.19140625
0 0.665625 0.596875 0.06953125 0.19140625
0 0.5328125 0.5453125 0.0296875 0.13125
2 0.33359375 0.459375 0.0484375 0.11875
2 0.46328125 0.48203125 0.0328125 0.146875
2 0.63359375 0.44375 0.03828125 0.08828125
0 0.56796875 0.44921875 0.034375 0.09296875
0 0.725 0.52890625 0.034375 0.140625
1 0.4109375 0.58359375 0.0515625 0.06484375
1 0.37265625 0.53515625 0.0484375 0.03671875
2 0.2015625 0.49921875 0.06796875 0.15859375
1 0.57109375 0.5171875 0.028125 0.03359375
2 0.49375 0.60234375 0.04140625 0.30078125