0 0.16484375 0.58046875 0.06796875 0.253125
2 0.24921875 0.48515625 0.0390625 0.18671875
2 0.33828125 0.5421875 0.0578125 0.2734375
2 0.42421875 0.43359375 0.0390625 0.1328125
2 0.509375 0.41640625 0.03359375 0.08984375
2 0.7234375 0.44765625 0.03671875 0.1328125
0 0.5140625 0.5390625 0.04453125 0.16484375
0 0.68515625 0.5421875 0.05390625 0.1375
0 0.81796875 0.5234375 0.05234375 0.17265625
0 0.76640625 0.503125 0.03359375 0.1296875
0 0.6359375 0.4765625 0.03203125 0.1328125
0 0.68828125 0.43515625 0.03125 0.0953125
1 0.38828125 0.52734375 0.03359375 0.05703125
1 0.309375 0.46171875 0.025 0.028125
1 0.6125 0.4921875 0.028125 0.034375