0 0.1796875 0.71640625 0.0796875 0.28125
0 0.6546875 0.59609375 0.0546875 0.19609375
0 0.78125 0.57421875 0.05 0.17265625
0 0.86015625 0.5390625 0.0625 0.16171875
0 0.72109375 0.53203125 0.04140625 0.1453125
0 0.5328125 0.553125 0.03828125 0.125
0 0.565625 0.4546875 0.021875 0.07890625
1 0.40859375 0.59765625 0.0484375 0.103125
1 0.3625 0.5484375 0.0453125 0.05703125
1 0.571875 0.51875 0.025 0.06796875
2 0.33671875 0.47109375 0.0453125 0.146875
2 0.196875 0.51953125 0.059375 0.18046875
2 0.4578125 0.46875 0.0453125 0.13125
2 0.4875 0.64140625 0.05703125 0.346875
2 0.634375 0.4640625 0.0359375 0.08515625