0 0.16484375 0.5578125 0.05546875 0.18046875
0 0.5140625 0.5453125 0.05 0.16796875
0 0.68515625 0.56015625 0.034375 0.15703125
0 0.8125 0.53515625 0.03671875 0.16640625
0 0.7640625 0.52734375 0.0296875 0.16796875
0 0.6390625 0.51171875 0.0265625 0.115625
1 0.61640625 0.49296875 0.02578125 0.06328125
1 0.3796875 0.52734375 0.01796875 0.06953125
1 0.40703125 0.49140625 0.01796875 0.04140625
1 0.309375 0.4546875 0.01875 0.03828125
1 0.27578125 0.4765625 0.02109375 0.03984375
2 0.24375 0.475 0.03671875 0.17265625
2 0.33828125 0.5296875 0.02890625 0.246875
2 0.4234375 0.42109375 0.0296875 0.1015625
2 0.50625 0.42265625 0.03046875 0.07421875
2 0.72265625 0.45546875 0.03359375 0.1265625
0 0.68828125 0.43984375 0.02578125 0.08984375