2 0.0515625 0.76328125 0.0578125 0.2578125
2 0.29296875 0.59765625 0.0421875 0.16796875
2 0.503125 0.6234375 0.03359375 0.1265625
2 0.76640625 0.75390625 0.06171875 0.20234375
1 0.596875 0.73515625 0.078125 0.08828125
1 0.425 0.6359375 0.0421875 0.04609375
1 0.4359375 0.55546875 0.03828125 0.05546875
1 0.35234375 0.5875 0.04375 0.08203125
0 0.38515625 0.75234375 0.05 0.16796875
0 0.50546875 0.825 0.07265625 0.16796875
1 0.325 0.6765625 0.0609375 0.06953125
0 0.78671875 0.6125 0.04921875 0.05234375
2 0.50078125 0.51875 0.0375 0.06484375