1 0.146875 0.71875 0.06875 0.11875
1 0.390625 0.75703125 0.05546875 0.115625
1 0.57109375 0.640625 0.03828125 0.08046875
1 0.509375 0.8890625 0.10859375 0.16328125
2 0.3125 0.64453125 0.0484375 0.20234375
2 0.49375 0.64140625 0.04765625 0.18671875
2 0.615625 0.56484375 0.028125 0.1328125
0 0.7265625 0.61640625 0.034375 0.07890625
0 0.628125 0.73125 0.04453125 0.1421875
0 0.68671875 0.659375 0.0375 0.10625
0 0.52890625 0.54765625 0.02265625 0.08671875
0 0.90078125 0.86953125 0.096875 0.2296875
0 0.89375 0.7 0.06875 0.07890625
0 0.88515625 0.62109375 0.0484375 0.06328125