0 0.16953125 0.709375 0.08046875 0.2546875
0 0.65625 0.59375 0.0484375 0.19140625
0 0.78046875 0.57265625 0.04453125 0.17265625
0 0.85234375 0.5453125 0.04140625 0.15625
0 0.725 0.5265625 0.0421875 0.1328125
0 0.53671875 0.55078125 0.02578125 0.1328125
1 0.403125 0.58203125 0.04375 0.07109375
1 0.365625 0.53125 0.0390625 0.04140625
2 0.465625 0.4703125 0.02265625 0.1203125
2 0.63203125 0.4484375 0.03203125 0.08515625
0 0.56171875 0.44765625 0.0359375 0.07734375
2 0.334375 0.47578125 0.0375 0.13125
2 0.20234375 0.51953125 0.065625 0.16484375
2 0.49453125 0.5921875 0.0515625 0.28203125
1 0.57265625 0.51796875 0.03125 0.06015625