0 0.1734375 0.559375 0.05234375 0.18984375
0 0.5078125 0.5484375 0.05546875 0.18984375
0 0.684375 0.5546875 0.04375 0.16796875
0 0.81875 0.54296875 0.03828125 0.1453125
0 0.7640625 0.528125 0.0328125 0.16953125
2 0.721875 0.4734375 0.03359375 0.17578125
2 0.42421875 0.41953125 0.0375 0.1015625
1 0.39921875 0.4828125 0.03828125 0.04296875
1 0.3796875 0.52109375 0.0265625 0.04140625
1 0.30859375 0.45546875 0.021875 0.05234375
1 0.27421875 0.4796875 0.01640625 0.028125
2 0.240625 0.459375 0.05390625 0.146875
2 0.5078125 0.4109375 0.05 0.08203125
0 0.6921875 0.428125 0.0234375 0.10625
0 0.63828125 0.509375 0.0328125 0.1234375
1 0.61484375 0.48828125 0.03046875 0.04765625
2 0.34296875 0.52265625 0.0390625 0.2203125