1 0.43828125 0.565625 0.0375 0.06328125
1 0.34453125 0.59453125 0.03359375 0.06640625
1 0.434375 0.63125 0.03671875 0.03984375
1 0.3265625 0.68828125 0.06875 0.04921875
1 0.596875 0.73203125 0.04921875 0.07265625
1 0.39453125 0.74609375 0.04453125 0.15859375
0 0.09296875 0.68671875 0.04140625 0.16328125
0 0.14765625 0.8671875 0.06328125 0.17578125
2 0.50234375 0.6203125 0.03671875 0.1390625
2 0.0484375 0.7609375 0.0515625 0.240625
2 0.7640625 0.75 0.08046875 0.20703125
0 0.51171875 0.8421875 0.0875 0.18984375
2 0.28828125 0.590625 0.05390625 0.115625
2 0.5015625 0.5171875 0.04140625 0.04296875
0 0.7875 0.60546875 0.0453125 0.07890625