2 0.29140625 0.6046875 0.05 0.1546875
2 0.49921875 0.61640625 0.034375 0.125
2 0.04921875 0.78203125 0.0546875 0.28984375
2 0.7609375 0.74296875 0.07890625 0.20234375
1 0.43671875 0.5546875 0.0390625 0.05078125
1 0.3578125 0.59375 0.0484375 0.05859375
1 0.43046875 0.63984375 0.04140625 0.06328125
1 0.3296875 0.684375 0.06484375 0.06015625
1 0.60234375 0.74140625 0.059375 0.06953125
0 0.39296875 0.7390625 0.06171875 0.15703125
0 0.50859375 0.84921875 0.09921875 0.19296875
0 0.78828125 0.61953125 0.03828125 0.05703125
0 0.15703125 0.88828125 0.10078125 0.21796875