0 0.17265625 0.70703125 0.10703125 0.2625
0 0.66015625 0.58828125 0.0734375 0.19765625
0 0.721875 0.51171875 0.03359375 0.140625
0 0.78359375 0.57421875 0.05234375 0.16328125
0 0.8578125 0.5390625 0.0578125 0.15859375
0 0.53359375 0.55 0.03046875 0.13125
2 0.3265625 0.46640625 0.04375 0.1296875
2 0.4640625 0.471875 0.02890625 0.1109375
2 0.63828125 0.4484375 0.0296875 0.07265625
2 0.48984375 0.659375 0.03984375 0.39375
1 0.36953125 0.53203125 0.02890625 0.04921875
1 0.4078125 0.571875 0.0515625 0.07265625
1 0.57109375 0.51875 0.03203125 0.06171875
0 0.565625 0.45 0.028125 0.09375
2 0.2 0.521875 0.0578125 0.17265625