1 0.43515625 0.55703125 0.03984375 0.06484375
1 0.34453125 0.60078125 0.03984375 0.08203125
1 0.4265625 0.63203125 0.04921875 0.04453125
1 0.31640625 0.6828125 0.06015625 0.06015625
1 0.596875 0.7328125 0.04609375 0.08359375
2 0.04921875 0.7625 0.06875 0.2625
2 0.29375 0.5890625 0.04140625 0.11875
2 0.503125 0.53671875 0.03203125 0.08046875
2 0.76640625 0.73203125 0.075 0.21171875
0 0.51484375 0.846875 0.06875 0.17890625
0 0.390625 0.73984375 0.05 0.140625
2 0.50234375 0.62421875 0.05 0.1375
0 0.1546875 0.8921875 0.08125 0.215625