0 0.19765625 0.60078125 0.04609375 0.18984375
0 0.45078125 0.671875 0.04453125 0.18984375
0 0.63515625 0.71796875 0.040625 0.19765625
0 0.82578125 0.74375 0.05 0.18515625
0 0.7953125 0.64140625 0.03984375 0.1125
0 0.6421875 0.590625 0.02890625 0.07578125
0 0.5171875 0.609375 0.03203125 0.1359375
2 0.28984375 0.65625 0.0484375 0.275
2 0.55703125 0.53203125 0.02578125 0.1421875
2 0.7703125 0.53671875 0.03671875 0.1328125
2 0.51328125 0.48203125 0.0390625 0.10625
2 0.32734375 0.54140625 0.025 0.1484375
1 0.3703125 0.54140625 0.03984375 0.04921875
1 0.425 0.50625 0.021875 0.03671875
1 0.465625 0.5484375 0.02890625 0.04453125
1 0.41640625 0.58671875 0.03046875 0.06796875