0 0.1640625 0.56484375 0.06953125 0.221875
0 0.50703125 0.56640625 0.046875 0.20078125
0 0.68125 0.5609375 0.0328125 0.17734375
0 0.8171875 0.56015625 0.04765625 0.17890625
0 0.7609375 0.5234375 0.03671875 0.1328125
0 0.6375 0.50859375 0.025 0.11875
2 0.246875 0.4765625 0.04453125 0.16328125
2 0.3359375 0.5390625 0.05390625 0.2609375
2 0.421875 0.41640625 0.0328125 0.1140625
2 0.50859375 0.40703125 0.021875 0.08046875
2 0.7203125 0.46796875 0.03359375 0.19765625
1 0.61640625 0.4984375 0.0265625 0.05234375
1 0.37578125 0.5265625 0.02109375 0.07421875
1 0.40859375 0.4890625 0.03125 0.03359375
1 0.30703125 0.44921875 0.0265625 0.03671875
1 0.27265625 0.47265625 0.02109375 0.05703125
0 0.68984375 0.42890625 0.0296875 0.07734375