0 0.2015625 0.6140625 0.05390625 0.16953125
0 0.44609375 0.6765625 0.0453125 0.19921875
0 0.63203125 0.72109375 0.0640625 0.19296875
0 0.83359375 0.759375 0.07265625 0.21640625
0 0.7984375 0.640625 0.05546875 0.1109375
0 0.64375 0.60078125 0.04453125 0.07578125
0 0.51796875 0.61328125 0.0390625 0.140625
1 0.4296875 0.50625 0.034375 0.06484375
1 0.36875 0.5390625 0.03359375 0.06640625
1 0.47265625 0.54921875 0.03046875 0.05234375
1 0.415625 0.58828125 0.03671875 0.05859375
2 0.559375 0.53203125 0.04453125 0.1453125
2 0.5140625 0.490625 0.03203125 0.1265625
2 0.775 0.53203125 0.0484375 0.1109375
2 0.28359375 0.621875 0.05390625 0.246875
2 0.33046875 0.553125 0.03828125 0.20546875