1 0.596875 0.72890625 0.06484375 0.08828125
1 0.4234375 0.63203125 0.046875 0.06015625
1 0.43671875 0.55078125 0.0453125 0.04921875
1 0.35 0.590625 0.04453125 0.06015625
2 0.2921875 0.5796875 0.040625 0.121875
1 0.3234375 0.6890625 0.0578125 0.06953125
2 0.0515625 0.7765625 0.075 0.29921875
2 0.5015625 0.6171875 0.028125 0.1296875
2 0.50234375 0.5234375 0.0234375 0.06171875
2 0.76484375 0.74375 0.0609375 0.20078125
0 0.51640625 0.853125 0.06796875 0.221875
0 0.3890625 0.765625 0.0484375 0.18828125
0 0.15 0.884375 0.06875 0.23125
0 0.784375 0.6078125 0.0328125 0.04921875