2 0.33828125 0.59453125 0.04296875 0.33671875
2 0.24921875 0.478125 0.03203125 0.178125
2 0.42109375 0.4296875 0.03359375 0.1171875
2 0.50390625 0.4203125 0.0328125 0.08828125
2 0.72421875 0.4578125 0.02265625 0.1234375
2 0.69453125 0.44140625 0.025 0.08828125
0 0.16796875 0.584375 0.04765625 0.2203125
0 0.509375 0.5421875 0.0375 0.18046875
0 0.640625 0.51953125 0.02734375 0.12265625
0 0.68515625 0.5875 0.04609375 0.2171875
0 0.7640625 0.559375 0.03125 0.19140625
1 0.821875 0.60078125 0.04609375 0.2484375
1 0.28046875 0.5078125 0.02421875 0.11796875
1 0.30703125 0.4796875 0.021875 0.0953125
1 0.38671875 0.53125 0.04765625 0.0859375
1 0.4046875 0.4859375 0.0296875 0.02578125