0 0.16328125 0.5421875 0.05 0.18046875
0 0.51328125 0.5515625 0.06015625 0.18671875
0 0.684375 0.5703125 0.0390625 0.19296875
0 0.82421875 0.55234375 0.04765625 0.20078125
0 0.7640625 0.5234375 0.03984375 0.1546875
0 0.63515625 0.52109375 0.0453125 0.140625
2 0.253125 0.478125 0.03984375 0.17578125
2 0.3359375 0.5375 0.03671875 0.2640625
2 0.4234375 0.41953125 0.0484375 0.1140625
2 0.50859375 0.40546875 0.04453125 0.05703125
0 0.69375 0.4359375 0.025 0.09140625
1 0.3078125 0.4578125 0.0296875 0.05078125
1 0.38203125 0.521875 0.025 0.05859375
1 0.4046875 0.4921875 0.0328125 0.03359375
1 0.61640625 0.4875 0.025 0.03984375