0 0.1796875 0.7078125 0.096875 0.29453125
0 0.653125 0.59296875 0.06484375 0.20703125
0 0.7875 0.5734375 0.059375 0.18984375
0 0.86171875 0.55 0.05625 0.17109375
0 0.728125 0.53125 0.0375 0.16796875
0 0.534375 0.55078125 0.03359375 0.1546875
0 0.5671875 0.45625 0.0375 0.07890625
2 0.6390625 0.4484375 0.040625 0.08203125
2 0.3390625 0.46875 0.04453125 0.128125
2 0.490625 0.61875 0.059375 0.33046875
1 0.41015625 0.5828125 0.05625 0.06953125
1 0.371875 0.52734375 0.040625 0.06640625
2 0.196875 0.47265625 0.06953125 0.13125
1 0.58125 0.51015625 0.0453125 0.04765625