0 0.1765625 0.70859375 0.09140625 0.271875
0 0.53828125 0.54609375 0.0359375 0.1421875
0 0.653125 0.59140625 0.0625 0.21015625
0 0.72421875 0.53203125 0.03359375 0.1484375
0 0.78203125 0.571875 0.03828125 0.18046875
0 0.8546875 0.553125 0.04375 0.15859375
0 0.56484375 0.4578125 0.02578125 0.06953125
2 0.63359375 0.4484375 0.0328125 0.07890625
2 0.3375 0.47734375 0.04140625 0.128125
2 0.4640625 0.4640625 0.03984375 0.121875
2 0.49453125 0.62578125 0.03828125 0.33203125
2 0.2078125 0.51015625 0.040625 0.17734375
1 0.4125 0.58671875 0.04921875 0.0984375
1 0.378125 0.5390625 0.059375 0.05703125
1 0.575 0.5203125 0.0234375 0.04609375