0 0.190625 0.65 0.0578125 0.21640625
0 0.45078125 0.690625 0.0375 0.2265625
0 0.5140625 0.634375 0.053125 0.18203125
0 0.82109375 0.74921875 0.065625 0.20859375
0 0.625 0.71484375 0.05703125 0.16953125
0 0.7859375 0.63671875 0.0453125 0.10625
0 0.64765625 0.59375 0.03671875 0.05546875
0 0.51484375 0.64765625 0.0453125 0.19921875
2 0.3296875 0.5578125 0.03828125 0.19921875
2 0.51328125 0.48828125 0.0328125 0.1125
2 0.55703125 0.5265625 0.02890625 0.1296875
2 0.771875 0.5375 0.0484375 0.096875
1 0.37734375 0.55 0.0375 0.06015625
1 0.43515625 0.5078125 0.0359375 0.05546875
1 0.4734375 0.5453125 0.040625 0.03515625
1 0.41015625 0.58984375 0.04453125 0.06484375
2 0.2859375 0.6640625 0.053125 0.31328125