0 0.19140625 0.6140625 0.06484375 0.16328125
0 0.515625 0.609375 0.046875 0.1359375
0 0.821875 0.75 0.06484375 0.21640625
0 0.7859375 0.640625 0.03984375 0.1171875
0 0.64296875 0.59921875 0.0484375 0.06328125
2 0.28828125 0.66875 0.0421875 0.31640625
2 0.328125 0.56796875 0.03125 0.20703125
2 0.5078125 0.4875 0.0328125 0.1015625
2 0.55625 0.534375 0.0265625 0.146875
2 0.77578125 0.5484375 0.03203125 0.103125
1 0.36640625 0.54296875 0.03671875 0.07421875
1 0.42890625 0.5125 0.0296875 0.05546875
1 0.46640625 0.5515625 0.0328125 0.06953125
0 0.63125 0.70625 0.05546875 0.17734375
0 0.45078125 0.6671875 0.046875 0.18046875
1 0.40859375 0.58515625 0.03671875 0.04609375