0 0.17734375 0.71015625 0.0875 0.25625
0 0.65703125 0.596875 0.0421875 0.19140625
0 0.77578125 0.57265625 0.0328125 0.17578125
0 0.8546875 0.55 0.0421875 0.16796875
0 0.72265625 0.5203125 0.04453125 0.1328125
0 0.53984375 0.553125 0.03046875 0.1125
1 0.4078125 0.58671875 0.0546875 0.06796875
1 0.36171875 0.528125 0.040625 0.05234375
1 0.57265625 0.5125 0.01875 0.03671875
2 0.49296875 0.65 0.03671875 0.3609375
2 0.19765625 0.5078125 0.05625 0.15703125
2 0.32734375 0.4546875 0.03125 0.109375
2 0.46015625 0.48203125 0.0328125 0.18359375
2 0.62578125 0.44296875 0.04921875 0.08359375
2 0.56796875 0.45 0.02890625 0.06953125