1 0.15390625 0.71875 0.078125 0.09140625
1 0.39609375 0.75 0.07265625 0.08984375
1 0.5734375 0.62734375 0.04375 0.07578125
0 0.725 0.615625 0.03984375 0.0984375
0 0.6828125 0.65703125 0.03828125 0.1234375
0 0.6265625 0.7265625 0.0484375 0.1421875
0 0.9015625 0.8578125 0.10390625 0.19765625
1 0.50546875 0.88125 0.10703125 0.16328125
2 0.4953125 0.6421875 0.0421875 0.19453125
2 0.31171875 0.61875 0.06015625 0.18203125
2 0.61484375 0.5578125 0.02421875 0.11875
0 0.52421875 0.546875 0.0328125 0.08828125