0 0.390625 0.74296875 0.0640625 0.18359375
2 0.7609375 0.746875 0.06015625 0.24375
2 0.49765625 0.62734375 0.03359375 0.15
2 0.05 0.78671875 0.0609375 0.31796875
2 0.29140625 0.59453125 0.0421875 0.15625
1 0.43984375 0.5546875 0.0453125 0.04765625
1 0.35703125 0.5875 0.05 0.06640625
1 0.42265625 0.6234375 0.040625 0.04921875
1 0.31875 0.68046875 0.05 0.05546875
1 0.5921875 0.7265625 0.05390625 0.08359375
0 0.50078125 0.84375 0.08671875 0.20234375
0 0.1515625 0.878125 0.075 0.24375
2 0.49921875 0.51796875 0.03125 0.05703125