2 0.04765625 0.78203125 0.06875 0.30859375
2 0.2921875 0.59375 0.0375 0.1375
2 0.49921875 0.62578125 0.0375 0.15
2 0.76328125 0.74375 0.0703125 0.225
2 0.5015625 0.51953125 0.034375 0.05390625
1 0.43671875 0.5625 0.053125 0.06953125
1 0.35625 0.59453125 0.0484375 0.09140625
1 0.43125 0.6296875 0.0546875 0.04296875
1 0.30703125 0.68125 0.05390625 0.04140625
1 0.59921875 0.73125 0.0546875 0.06484375
0 0.51796875 0.85234375 0.08125 0.17109375
0 0.38828125 0.75625 0.065625 0.16015625
0 0.146875 0.87578125 0.09375 0.21796875