2 0.76484375 0.75390625 0.06796875 0.2359375
2 0.503125 0.5328125 0.02265625 0.07890625
2 0.2859375 0.60234375 0.05234375 0.153125
1 0.58671875 0.72109375 0.09140625 0.08203125
1 0.3265625 0.678125 0.0578125 0.05390625
1 0.42109375 0.6265625 0.03984375 0.03984375
0 0.5109375 0.82421875 0.07890625 0.16015625
0 0.3921875 0.74765625 0.0546875 0.15859375
0 0.09609375 0.6875 0.04609375 0.14375
0 0.15390625 0.8625 0.07578125 0.21875
2 0.05 0.78125 0.06015625 0.29765625
1 0.35234375 0.58984375 0.0375 0.04296875
2 0.49765625 0.61484375 0.03359375 0.121875
1 0.4375 0.559375 0.03671875 0.04453125