0 0.16953125 0.559375 0.0546875 0.18984375
0 0.51484375 0.54609375 0.04375 0.16640625
0 0.6859375 0.55625 0.0421875 0.16484375
0 0.81796875 0.55 0.0453125 0.17421875
0 0.76484375 0.5234375 0.02890625 0.1484375
0 0.64296875 0.5078125 0.0265625 0.1328125
2 0.2484375 0.48671875 0.03359375 0.19921875
2 0.3390625 0.53046875 0.03984375 0.2390625
2 0.41640625 0.421875 0.03359375 0.11875
2 0.50703125 0.40703125 0.03046875 0.06171875
2 0.72421875 0.46875 0.02265625 0.15
0 0.68671875 0.4390625 0.0296875 0.09375
1 0.61328125 0.490625 0.03203125 0.04921875
1 0.38359375 0.51796875 0.0203125 0.05390625
1 0.409375 0.49296875 0.0265625 0.0203125
1 0.3078125 0.45234375 0.03046875 0.04609375
1 0.27421875 0.47734375 0.0171875 0.03828125