0 0.1671875 0.56171875 0.053125 0.21640625
0 0.5140625 0.5625 0.04453125 0.18671875
0 0.684375 0.57578125 0.0421875 0.21015625
0 0.821875 0.54609375 0.03125 0.19765625
0 0.7609375 0.52890625 0.0546875 0.140625
0 0.634375 0.50859375 0.0296875 0.08828125
2 0.2484375 0.478125 0.03828125 0.16640625
2 0.33671875 0.52265625 0.0328125 0.2296875
2 0.42109375 0.43046875 0.028125 0.1109375
2 0.50390625 0.41875 0.02890625 0.09140625
2 0.7203125 0.44765625 0.03984375 0.1265625
1 0.3140625 0.45234375 0.02890625 0.04921875
1 0.38046875 0.5234375 0.02109375 0.05859375
1 0.4046875 0.48671875 0.03046875 0.03828125
1 0.615625 0.4921875 0.0171875 0.04296875
1 0.2828125 0.49140625 0.02109375 0.05390625