1 0.58984375 0.72890625 0.06875 0.08515625
1 0.42265625 0.6375 0.04765625 0.07109375
1 0.35 0.59140625 0.03671875 0.05546875
1 0.43828125 0.55390625 0.0375 0.06796875
1 0.31953125 0.6828125 0.06328125 0.06953125
2 0.04609375 0.76484375 0.06328125 0.2734375
2 0.75859375 0.73515625 0.07265625 0.2390625
2 0.5015625 0.6328125 0.028125 0.1515625
0 0.51015625 0.84375 0.07578125 0.18359375
0 0.38828125 0.7359375 0.04609375 0.16640625
0 0.14609375 0.8703125 0.0921875 0.225
2 0.50234375 0.51796875 0.0265625 0.05390625
2 0.28984375 0.57734375 0.0546875 0.1015625