0 0.165625 0.54453125 0.0578125 0.18203125
0 0.50703125 0.5484375 0.04921875 0.18046875
0 0.67890625 0.5625 0.0359375 0.17109375
0 0.81015625 0.54296875 0.040625 0.1546875
0 0.7640625 0.5234375 0.0296875 0.1328125
0 0.68984375 0.44140625 0.02109375 0.08046875
2 0.24921875 0.48046875 0.0359375 0.17109375
2 0.33125 0.578125 0.0453125 0.34375
2 0.41875 0.4359375 0.0328125 0.134375
2 0.5046875 0.41484375 0.03125 0.08046875
0 0.63828125 0.5 0.03984375 0.09296875
1 0.384375 0.52421875 0.02890625 0.06015625
1 0.30859375 0.453125 0.0234375 0.04453125
1 0.27421875 0.48046875 0.0203125 0.03203125
2 0.7234375 0.45703125 0.02890625 0.1359375