0 0.790625 0.60625 0.04375 0.07109375
2 0.7625 0.72890625 0.059375 0.17109375
1 0.5953125 0.734375 0.06796875 0.07734375
1 0.42734375 0.621875 0.040625 0.06796875
1 0.4359375 0.54921875 0.03984375 0.04609375
1 0.35 0.5890625 0.02890625 0.06015625
1 0.31015625 0.67265625 0.053125 0.04921875
0 0.50859375 0.8484375 0.06796875 0.19140625
0 0.39140625 0.7484375 0.05234375 0.1453125
0 0.0890625 0.65390625 0.0484375 0.096875
0 0.14453125 0.8734375 0.12265625 0.18828125
2 0.50234375 0.62265625 0.03203125 0.13125
2 0.5015625 0.52109375 0.03203125 0.04765625
2 0.29375 0.57109375 0.0515625 0.1015625