0 0.16484375 0.55859375 0.05546875 0.18515625
0 0.503125 0.56328125 0.05234375 0.19765625
0 0.684375 0.5625 0.034375 0.17109375
0 0.8171875 0.55625 0.04609375 0.15859375
0 0.76640625 0.52890625 0.03125 0.153125
1 0.378125 0.5171875 0.02890625 0.04609375
1 0.40546875 0.49140625 0.02421875 0.04140625
1 0.309375 0.4578125 0.021875 0.04765625
1 0.609375 0.4953125 0.0296875 0.03671875
2 0.725 0.45546875 0.03203125 0.1515625
2 0.41484375 0.41484375 0.04140625 0.0953125
2 0.246875 0.4734375 0.0375 0.1546875
2 0.340625 0.50703125 0.0328125 0.19609375
2 0.5046875 0.4140625 0.05625 0.08203125
0 0.640625 0.5109375 0.02265625 0.1140625
1 0.271875 0.47421875 0.02265625 0.04765625
0 0.6875 0.43203125 0.03125 0.09296875