1 0.15078125 0.72109375 0.08671875 0.08515625
1 0.38984375 0.74140625 0.0484375 0.11875
1 0.50078125 0.87421875 0.06796875 0.153125
1 0.5765625 0.63359375 0.0546875 0.05703125
2 0.303125 0.6140625 0.0796875 0.15703125
2 0.49296875 0.640625 0.0390625 0.18515625
2 0.61484375 0.58046875 0.02265625 0.1515625
0 0.73046875 0.6375 0.04921875 0.1234375
0 0.68125 0.66171875 0.0421875 0.1359375
0 0.6296875 0.75234375 0.04765625 0.16484375
0 0.896875 0.85546875 0.0921875 0.2234375
0 0.53359375 0.553125 0.040625 0.103125
0 0.89765625 0.70390625 0.0421875 0.08046875
0 0.884375 0.62421875 0.034375 0.06328125