1 0.4390625 0.571875 0.0390625 0.06953125
1 0.35703125 0.60078125 0.0484375 0.06640625
1 0.32890625 0.6875 0.0671875 0.04453125
1 0.42421875 0.63203125 0.05546875 0.05390625
1 0.59375 0.7296875 0.0640625 0.07421875
0 0.390625 0.7578125 0.0625 0.18203125
0 0.51484375 0.83515625 0.078125 0.17265625
0 0.096875 0.68359375 0.0453125 0.1296875
0 0.1578125 0.88125 0.07890625 0.19453125
2 0.771875 0.75 0.0453125 0.20390625
2 0.50234375 0.63671875 0.03046875 0.16484375
2 0.2921875 0.5984375 0.034375 0.1328125
2 0.05 0.77734375 0.06484375 0.29765625