0 0.18984375 0.61875 0.06484375 0.20390625
0 0.5125 0.6171875 0.040625 0.1234375
0 0.62734375 0.70625 0.05625 0.17109375
0 0.81875 0.74765625 0.0375 0.20859375
0 0.790625 0.64921875 0.02421875 0.13125
0 0.6375 0.6046875 0.0359375 0.09296875
1 0.428125 0.51015625 0.03984375 0.04765625
1 0.36953125 0.54140625 0.02890625 0.05859375
1 0.4703125 0.55703125 0.02421875 0.05234375
1 0.4140625 0.58203125 0.0453125 0.03984375
2 0.55703125 0.525 0.0453125 0.1359375
2 0.50859375 0.50078125 0.0359375 0.14375
2 0.45546875 0.6578125 0.02890625 0.15625
2 0.77734375 0.5375 0.03046875 0.10625
2 0.28828125 0.63828125 0.05390625 0.2390625
2 0.334375 0.553125 0.02578125 0.18671875