1 0.14921875 0.72265625 0.0703125 0.11875
1 0.39375 0.740625 0.0640625 0.09296875
1 0.5109375 0.871875 0.08359375 0.16953125
1 0.57734375 0.63125 0.04921875 0.05859375
0 0.6234375 0.73984375 0.0515625 0.1375
0 0.68203125 0.66328125 0.04453125 0.1140625
0 0.7390625 0.5921875 0.05390625 0.103125
0 0.52578125 0.53828125 0.0328125 0.0953125
2 0.30546875 0.61953125 0.06171875 0.18984375
2 0.6125 0.55078125 0.03671875 0.0984375
2 0.49296875 0.6234375 0.0484375 0.1453125
0 0.8984375 0.8453125 0.10390625 0.20078125