1 0.15078125 0.7078125 0.08515625 0.115625
1 0.39375 0.7453125 0.06171875 0.07109375
1 0.50859375 0.8875 0.0734375 0.16953125
1 0.57734375 0.63671875 0.03671875 0.08203125
0 0.725 0.5921875 0.034375 0.09375
0 0.67890625 0.6546875 0.05390625 0.1296875
0 0.6328125 0.7359375 0.04140625 0.1515625
0 0.52578125 0.55234375 0.03671875 0.1078125
2 0.31015625 0.6109375 0.06171875 0.15703125
2 0.4921875 0.63125 0.05 0.17578125
2 0.61875 0.57109375 0.03359375 0.1390625
0 0.90703125 0.86640625 0.09140625 0.2234375