2 0.7640625 0.75 0.07265625 0.221875
2 0.50078125 0.63203125 0.03984375 0.134375
2 0.29375 0.59296875 0.03671875 0.1234375
2 0.046875 0.78125 0.06796875 0.28203125
1 0.4328125 0.56328125 0.03828125 0.05234375
1 0.35 0.5984375 0.04140625 0.08671875
1 0.59375 0.73671875 0.05546875 0.09375
1 0.42578125 0.6359375 0.0390625 0.06171875
0 0.78515625 0.6109375 0.03359375 0.05234375
0 0.3984375 0.75078125 0.05234375 0.15625
0 0.51796875 0.8484375 0.08125 0.18828125
0 0.15625 0.87578125 0.08359375 0.19921875
0 0.103125 0.6828125 0.03984375 0.15625
2 0.4984375 0.53046875 0.03359375 0.05703125