0 0.16484375 0.60703125 0.0578125 0.2703125
0 0.63984375 0.534375 0.040625 0.17734375
0 0.5078125 0.546875 0.04140625 0.18046875
0 0.81484375 0.5375 0.03828125 0.140625
0 0.76328125 0.54296875 0.04921875 0.18203125
2 0.3375 0.56171875 0.053125 0.28359375
2 0.246875 0.47734375 0.0453125 0.18359375
2 0.41875 0.42734375 0.0328125 0.1265625
2 0.5078125 0.41875 0.03828125 0.06640625
2 0.71796875 0.4640625 0.03828125 0.15859375
1 0.61015625 0.4921875 0.03203125 0.03984375
1 0.38515625 0.51875 0.028125 0.06796875
0 0.690625 0.4421875 0.021875 0.07890625