0 0.17734375 0.70546875 0.084375 0.278125
0 0.65234375 0.59453125 0.0546875 0.21171875
0 0.78515625 0.56953125 0.0375 0.16640625
0 0.8578125 0.5640625 0.05703125 0.18359375
0 0.72734375 0.5265625 0.0359375 0.1421875
0 0.53046875 0.55234375 0.034375 0.1265625
0 0.565625 0.4640625 0.02421875 0.09375
2 0.3328125 0.46484375 0.0453125 0.1265625
2 0.4640625 0.47109375 0.03671875 0.14375
2 0.19609375 0.4890625 0.0515625 0.1453125
2 0.63515625 0.440625 0.02421875 0.096875
2 0.49921875 0.58203125 0.06171875 0.28359375
1 0.40546875 0.58203125 0.04765625 0.0953125
1 0.371875 0.5421875 0.03828125 0.06015625