1 0.146875 0.71640625 0.07734375 0.08671875
1 0.390625 0.74453125 0.06953125 0.07890625
1 0.509375 0.87734375 0.0796875 0.17109375
1 0.5734375 0.640625 0.03359375 0.07109375
0 0.534375 0.540625 0.04609375 0.109375
0 0.72734375 0.60703125 0.040625 0.115625
0 0.68828125 0.646875 0.04609375 0.1390625
0 0.6296875 0.7328125 0.0546875 0.16328125
0 0.89609375 0.8515625 0.10703125 0.20078125
2 0.4921875 0.6234375 0.05 0.17265625
2 0.31015625 0.61953125 0.065625 0.18671875
2 0.61640625 0.5734375 0.0328125 0.125