0 0.1984375 0.6140625 0.05 0.16015625
2 0.3296875 0.54375 0.034375 0.15
2 0.51015625 0.4828125 0.03125 0.0953125
2 0.55703125 0.52265625 0.0265625 0.115625
2 0.77578125 0.53828125 0.02890625 0.1109375
2 0.284375 0.60703125 0.0390625 0.18046875
1 0.37265625 0.53828125 0.03359375 0.04921875
1 0.4265625 0.50390625 0.0328125 0.04765625
1 0.46796875 0.54765625 0.02109375 0.03359375
1 0.4125 0.58359375 0.0375 0.05546875
0 0.82265625 0.73984375 0.05 0.17734375
0 0.790625 0.6234375 0.04453125 0.06796875
0 0.65 0.596875 0.0390625 0.06171875
0 0.63359375 0.69375 0.040625 0.153125
0 0.5171875 0.603125 0.040625 0.1140625
0 0.45 0.64296875 0.03046875 0.15625