1 0.4984375 0.89296875 0.08984375 0.209375
1 0.38984375 0.75546875 0.0671875 0.115625
1 0.15546875 0.7421875 0.0765625 0.12265625
1 0.57734375 0.659375 0.0421875 0.11484375
0 0.5328125 0.55703125 0.04296875 0.09921875
0 0.63125 0.7984375 0.0640625 0.2546875
0 0.69375 0.7078125 0.0671875 0.2
0 0.7296875 0.6078125 0.05703125 0.0765625
0 0.89921875 0.8765625 0.07890625 0.24609375
0 0.90234375 0.71796875 0.071875 0.12578125
0 0.88515625 0.6171875 0.05703125 0.0859375
0 0.171875 0.90546875 0.084375 0.1890625
2 0.3125 0.61953125 0.0453125 0.15078125
2 0.49375 0.65703125 0.040625 0.2265625
2 0.6234375 0.5640625 0.0390625 0.11953125