0 0.19765625 0.6171875 0.05703125 0.18828125
0 0.82265625 0.73203125 0.0578125 0.17109375
0 0.79921875 0.61953125 0.040625 0.07265625
0 0.63125 0.715625 0.0484375 0.19296875
0 0.51953125 0.60625 0.0390625 0.1109375
2 0.55703125 0.5421875 0.0390625 0.16484375
2 0.51015625 0.48984375 0.0359375 0.10625
2 0.28984375 0.63984375 0.04921875 0.2515625
2 0.334375 0.55546875 0.0375 0.18828125
1 0.4703125 0.54921875 0.02890625 0.06171875
1 0.41484375 0.58828125 0.03984375 0.06484375
0 0.45 0.68125 0.04765625 0.20234375
0 0.64609375 0.60234375 0.040625 0.08515625
1 0.43671875 0.51015625 0.03359375 0.06328125
1 0.3734375 0.54140625 0.0421875 0.07109375
2 0.77109375 0.54921875 0.03203125 0.1390625