1 0.43984375 0.5578125 0.040625 0.04453125
1 0.34609375 0.5921875 0.04140625 0.05390625
1 0.4234375 0.62421875 0.03671875 0.04765625
1 0.3265625 0.67421875 0.059375 0.04296875
2 0.05234375 0.775 0.053125 0.275
2 0.2875 0.603125 0.04921875 0.16015625
2 0.50234375 0.6390625 0.0390625 0.16953125
2 0.765625 0.74921875 0.05390625 0.20546875
1 0.59609375 0.72734375 0.06328125 0.09375
0 0.52109375 0.86328125 0.06953125 0.2296875
0 0.4015625 0.765625 0.04765625 0.19765625
0 0.14921875 0.8875 0.1015625 0.225