1 0.1484375 0.71953125 0.08125 0.13125
1 0.39296875 0.74296875 0.05390625 0.09140625
1 0.5125 0.8796875 0.065625 0.16640625
1 0.5734375 0.63359375 0.04453125 0.08515625
2 0.49296875 0.6140625 0.02890625 0.1421875
2 0.31328125 0.625 0.04765625 0.17890625
2 0.615625 0.57578125 0.0296875 0.1234375
0 0.62890625 0.7484375 0.04921875 0.18515625
0 0.68515625 0.67734375 0.03671875 0.15703125
0 0.7265625 0.63515625 0.034375 0.146875
0 0.89765625 0.85859375 0.08828125 0.21484375
0 0.8890625 0.70546875 0.07890625 0.08984375
0 0.52890625 0.56171875 0.0265625 0.1359375