0 0.196875 0.6296875 0.06953125 0.225
0 0.4609375 0.67890625 0.04140625 0.21328125
0 0.51796875 0.63125 0.0484375 0.19453125
0 0.6234375 0.71171875 0.05390625 0.16015625
0 0.8234375 0.74609375 0.05390625 0.20234375
0 0.79609375 0.6453125 0.0375 0.1265625
0 0.6453125 0.596875 0.0375 0.08359375
2 0.55625 0.53046875 0.034375 0.14375
2 0.509375 0.4875 0.046875 0.08359375
2 0.28671875 0.65546875 0.04609375 0.31328125
2 0.3328125 0.55390625 0.0296875 0.19140625
2 0.7703125 0.55859375 0.03359375 0.1296875
1 0.428125 0.51796875 0.025 0.08203125
1 0.37265625 0.53515625 0.03125 0.05234375
1 0.4703125 0.5375 0.03203125 0.06328125
1 0.40390625 0.57890625 0.03046875 0.06796875