0 0.17265625 0.7078125 0.0953125 0.2703125
0 0.85859375 0.53828125 0.06484375 0.1328125
0 0.78828125 0.57265625 0.05546875 0.16640625
0 0.6578125 0.5859375 0.06328125 0.19296875
0 0.7234375 0.5234375 0.04140625 0.1203125
0 0.53359375 0.54765625 0.0296875 0.1265625
1 0.4015625 0.57421875 0.046875 0.06484375
1 0.36015625 0.53046875 0.04140625 0.04140625
1 0.571875 0.51484375 0.0359375 0.04453125
0 0.56640625 0.45 0.0359375 0.06328125
2 0.63125 0.44375 0.040625 0.06015625
2 0.33359375 0.446875 0.059375 0.09375
2 0.46328125 0.4703125 0.0328125 0.1140625
2 0.20078125 0.50078125 0.065625 0.16796875
2 0.48984375 0.60546875 0.05234375 0.30078125