0 0.1921875 0.6171875 0.07109375 0.19453125
0 0.446875 0.665625 0.03828125 0.15859375
0 0.625 0.72109375 0.0625 0.18046875
0 0.82265625 0.7421875 0.06796875 0.20390625
0 0.784375 0.6296875 0.04609375 0.09296875
0 0.63125 0.60078125 0.059375 0.07265625
0 0.51875 0.61484375 0.04609375 0.13125
2 0.7703125 0.55 0.03125 0.128125
1 0.40859375 0.590625 0.03359375 0.05390625
1 0.46640625 0.553125 0.0375 0.04140625
1 0.4296875 0.509375 0.0296875 0.03984375
1 0.36875 0.53359375 0.0296875 0.04609375
2 0.32890625 0.5453125 0.03203125 0.16796875
2 0.28671875 0.62109375 0.0515625 0.21796875
2 0.553125 0.52578125 0.0328125 0.13125
2 0.5125 0.49453125 0.03359375 0.09375