0 0.17109375 0.5921875 0.065625 0.2765625
0 0.51171875 0.56953125 0.0546875 0.225
0 0.67421875 0.5671875 0.0484375 0.20859375
0 0.81875 0.56953125 0.0421875 0.19765625
0 0.76796875 0.5359375 0.040625 0.17109375
0 0.640625 0.515625 0.0328125 0.1484375
2 0.246875 0.475 0.040625 0.17578125
2 0.3375 0.53828125 0.05703125 0.234375
2 0.4203125 0.425 0.0265625 0.11875
2 0.50859375 0.41484375 0.040625 0.06796875
1 0.61796875 0.49921875 0.0265625 0.03203125
1 0.37265625 0.5171875 0.02578125 0.04609375
1 0.403125 0.49765625 0.0265625 0.05703125
1 0.30703125 0.45078125 0.0265625 0.03125
2 0.721875 0.46875 0.03125 0.15
0 0.68515625 0.42265625 0.0390625 0.07421875
1 0.27734375 0.49296875 0.0234375 0.05390625