1 0.1515625 0.70703125 0.071875 0.08359375
1 0.3875 0.73046875 0.07109375 0.08828125
1 0.50234375 0.8578125 0.08828125 0.1171875
1 0.58515625 0.6375 0.06328125 0.06484375
2 0.31171875 0.64375 0.053125 0.21328125
2 0.171875 0.9046875 0.11875 0.190625
2 0.41015625 0.5984375 0.04609375 0.20703125
2 0.496875 0.6640625 0.03828125 0.21171875
2 0.6140625 0.55703125 0.02578125 0.1359375
0 0.6296875 0.7453125 0.0578125 0.1421875
0 0.7296875 0.6171875 0.04609375 0.1140625
0 0.8828125 0.62421875 0.0453125 0.06953125
0 0.91484375 0.72265625 0.11875 0.103125
0 0.6921875 0.64765625 0.06796875 0.115625