1 0.14765625 0.721875 0.0640625 0.1015625
2 0.1609375 0.9015625 0.1328125 0.19609375
1 0.5171875 0.884375 0.10234375 0.1546875
1 0.3953125 0.746875 0.06328125 0.1015625
2 0.41328125 0.609375 0.040625 0.18828125
2 0.49765625 0.68125 0.05 0.2390625
0 0.64140625 0.74765625 0.0578125 0.15
1 0.5734375 0.65625 0.053125 0.1140625
0 0.69296875 0.675 0.0875 0.140625
0 0.9125 0.8828125 0.121875 0.21640625
0 0.91328125 0.7359375 0.09609375 0.1328125
0 0.89921875 0.6609375 0.07890625 0.1125
0 0.73125 0.60390625 0.04921875 0.08828125
2 0.6109375 0.56640625 0.03671875 0.1234375
0 0.5265625 0.54609375 0.04765625 0.08046875