0 0.17421875 0.56484375 0.065625 0.18203125
0 0.5078125 0.5796875 0.05234375 0.19609375
0 0.6859375 0.56796875 0.03125 0.16015625
0 0.63515625 0.50546875 0.0328125 0.08515625
0 0.82265625 0.5578125 0.04140625 0.18046875
0 0.76875 0.52890625 0.03203125 0.146875
0 0.68828125 0.434375 0.0328125 0.07890625
2 0.253125 0.4953125 0.040625 0.19453125
2 0.42265625 0.43046875 0.05 0.1015625
2 0.334375 0.59765625 0.034375 0.32890625
2 0.60390625 0.43203125 0.02265625 0.1046875
2 0.7234375 0.4625 0.03125 0.128125
1 0.39140625 0.525 0.046875 0.04921875
1 0.40703125 0.48515625 0.04609375 0.03203125