0 0.17734375 0.71796875 0.09609375 0.28671875
2 0.1984375 0.5078125 0.0515625 0.16328125
1 0.365625 0.54296875 0.04140625 0.08046875
1 0.41015625 0.5828125 0.0375 0.07890625
1 0.57265625 0.52109375 0.03046875 0.06640625
2 0.4890625 0.6125 0.03984375 0.28359375
2 0.42109375 0.4625 0.02890625 0.13125
2 0.46328125 0.4828125 0.025 0.1171875
2 0.63828125 0.446875 0.04453125 0.07578125
0 0.8640625 0.55 0.07734375 0.13125
0 0.7859375 0.56875 0.05625 0.15859375
0 0.6453125 0.58359375 0.0546875 0.18515625
0 0.725 0.52109375 0.034375 0.15859375
0 0.540625 0.5453125 0.03203125 0.121875
0 0.5640625 0.45 0.040625 0.06953125