0 0.196875 0.60859375 0.06484375 0.146875
2 0.28984375 0.62421875 0.05703125 0.20546875
2 0.3296875 0.54453125 0.040625 0.16953125
1 0.37421875 0.5421875 0.0390625 0.06328125
1 0.4328125 0.51171875 0.040625 0.05078125
2 0.51328125 0.496875 0.0484375 0.1140625
1 0.41953125 0.58671875 0.046875 0.04296875
1 0.46953125 0.553125 0.03203125 0.04765625
2 0.55390625 0.56328125 0.02890625 0.19453125
0 0.51796875 0.6046875 0.0390625 0.1046875
0 0.44609375 0.66015625 0.05625 0.1484375
0 0.634375 0.715625 0.05546875 0.18046875
0 0.6421875 0.6109375 0.0484375 0.07421875
2 0.68984375 0.515625 0.04140625 0.1328125
0 0.82578125 0.73828125 0.06796875 0.18671875
0 0.7953125 0.62578125 0.05703125 0.07265625
2 0.7703125 0.5609375 0.03125 0.128125