1 0.14921875 0.728125 0.071875 0.1109375
1 0.3921875 0.7359375 0.07578125 0.1265625
1 0.52578125 0.8875 0.12578125 0.17578125
1 0.5703125 0.6328125 0.05234375 0.07421875
0 0.6359375 0.75078125 0.0640625 0.15859375
0 0.6953125 0.675 0.07265625 0.1375
0 0.73203125 0.6171875 0.04375 0.1109375
0 0.88203125 0.6234375 0.0640625 0.05546875
0 0.8921875 0.71875 0.06796875 0.08515625
0 0.89921875 0.8734375 0.125 0.225
2 0.31484375 0.625 0.0625 0.234375
2 0.44921875 0.5515625 0.040625 0.125
2 0.49765625 0.6328125 0.0359375 0.16328125
2 0.61796875 0.56875 0.03359375 0.11875
2 0.178125 0.8984375 0.140625 0.203125