1 0.44609375 0.5671875 0.03359375 0.04453125
1 0.3625 0.59765625 0.04765625 0.08828125
1 0.325 0.684375 0.06953125 0.07578125
1 0.42734375 0.6328125 0.04140625 0.06484375
1 0.603125 0.72265625 0.06875 0.08515625
0 0.4078125 0.74453125 0.0671875 0.14375
0 0.521875 0.83203125 0.0875 0.19765625
0 0.7828125 0.62265625 0.0328125 0.05390625
0 0.0984375 0.6828125 0.05 0.146875
0 0.15390625 0.89296875 0.06484375 0.18671875
2 0.05 0.78203125 0.06328125 0.28984375
2 0.296875 0.5828125 0.05546875 0.121875
2 0.50625 0.64765625 0.040625 0.17734375
2 0.6859375 0.6078125 0.0359375 0.19140625
2 0.7671875 0.7421875 0.05625 0.225