0 0.18671875 0.73203125 0.1171875 0.28828125
0 0.54765625 0.56015625 0.0625 0.1515625
0 0.6546875 0.5921875 0.06328125 0.19609375
0 0.784375 0.58203125 0.05234375 0.17578125
0 0.8625 0.55078125 0.05 0.18828125
0 0.72734375 0.521875 0.040625 0.1359375
0 0.56171875 0.465625 0.03046875 0.08828125
0 0.53828125 0.546875 0.04609375 0.128125
2 0.42265625 0.46796875 0.0328125 0.1421875
2 0.459375 0.46875 0.0265625 0.1453125
2 0.49140625 0.61953125 0.05390625 0.31953125
2 0.20546875 0.528125 0.0765625 0.20390625
1 0.3625 0.53203125 0.04453125 0.05859375
1 0.40703125 0.56875 0.0625 0.06953125
1 0.56484375 0.51484375 0.03125 0.03515625
0 0.54140625 0.55078125 0.03359375 0.1515625