0 0.184375 0.7078125 0.1203125 0.21484375
2 0.20546875 0.52421875 0.0640625 0.18671875
2 0.33671875 0.48984375 0.04375 0.15859375
1 0.3671875 0.5421875 0.046875 0.04140625
1 0.40546875 0.57578125 0.06875 0.06796875
2 0.490625 0.596875 0.0671875 0.278125
0 0.65625 0.59375 0.06796875 0.18046875
0 0.5453125 0.53828125 0.0484375 0.1265625
2 0.46171875 0.471875 0.0265625 0.1171875
0 0.790625 0.56640625 0.05625 0.15703125
1 0.571875 0.5109375 0.034375 0.03359375
2 0.4890625 0.425 0.02578125 0.07578125
0 0.56953125 0.4546875 0.03828125 0.06953125
2 0.6359375 0.45546875 0.028125 0.0984375
0 0.721875 0.5375 0.03984375 0.17109375
0 0.86796875 0.5640625 0.06875 0.19296875