0 0.103125 0.6953125 0.05546875 0.16484375
0 0.5328125 0.85703125 0.0921875 0.20546875
0 0.7921875 0.6421875 0.03203125 0.09296875
0 0.16015625 0.884375 0.11015625 0.221875
1 0.3234375 0.69765625 0.0828125 0.08671875
1 0.42890625 0.6359375 0.06171875 0.07734375
1 0.603125 0.73515625 0.05546875 0.09140625
0 0.39296875 0.74609375 0.053125 0.146875
2 0.69453125 0.6203125 0.03203125 0.18203125
2 0.503125 0.52421875 0.0484375 0.06953125
2 0.4953125 0.63359375 0.0484375 0.18046875
2 0.05625 0.78671875 0.06484375 0.29921875
2 0.7703125 0.7765625 0.0484375 0.253125