1 0.14765625 0.71875 0.07265625 0.103125
2 0.1703125 0.90859375 0.13046875 0.18203125
2 0.31796875 0.63828125 0.0609375 0.21484375
1 0.4015625 0.7421875 0.0609375 0.07109375
1 0.52109375 0.9015625 0.16953125 0.16953125
2 0.4515625 0.56171875 0.03046875 0.1453125
2 0.49765625 0.65625 0.03828125 0.19921875
0 0.63046875 0.72890625 0.05390625 0.1375
1 0.5671875 0.6421875 0.04921875 0.06796875
0 0.9046875 0.8734375 0.11953125 0.2375
0 0.90625 0.71796875 0.090625 0.1046875
0 0.89140625 0.6359375 0.078125 0.0984375
2 0.61484375 0.571875 0.0265625 0.140625
0 0.69375 0.6796875 0.0578125 0.134375
0 0.7296875 0.61328125 0.03984375 0.1
0 0.53359375 0.5484375 0.03984375 0.08515625