0 0.18203125 0.678125 0.096875 0.2546875
0 0.4796875 0.6265625 0.06875 0.21640625
0 0.790625 0.57265625 0.03984375 0.1484375
0 0.8515625 0.55390625 0.03828125 0.17578125
0 0.7203125 0.5296875 0.05 0.1515625
0 0.64453125 0.5234375 0.0390625 0.1015625
0 0.5375 0.56796875 0.02890625 0.1453125
1 0.40625 0.58125 0.046875 0.07890625
1 0.56953125 0.51640625 0.0265625 0.05390625
1 0.3625 0.54140625 0.0359375 0.05234375
2 0.2015625 0.5171875 0.0375 0.17890625
2 0.3265625 0.490625 0.04375 0.19765625
2 0.4171875 0.4671875 0.0359375 0.13125
2 0.4625 0.46640625 0.0265625 0.1234375
2 0.50234375 0.46484375 0.03046875 0.1078125
2 0.634375 0.4625 0.028125 0.1