1 0.1484375 0.721875 0.07265625 0.1171875
1 0.39296875 0.73671875 0.08671875 0.07265625
1 0.50625 0.878125 0.0828125 0.1359375
1 0.56953125 0.6484375 0.0453125 0.1046875
2 0.3171875 0.6578125 0.05390625 0.2484375
2 0.1734375 0.90546875 0.140625 0.1890625
2 0.45 0.57109375 0.03984375 0.16953125
2 0.490625 0.66875 0.0375 0.2328125
2 0.61953125 0.590625 0.0375 0.18046875
0 0.7375 0.6515625 0.05703125 0.1515625
0 0.68671875 0.68671875 0.0484375 0.17265625
0 0.6296875 0.74765625 0.04765625 0.14375
0 0.88359375 0.64140625 0.04375 0.05703125
0 0.9015625 0.72421875 0.059375 0.07578125
0 0.9140625 0.8953125 0.13359375 0.20703125
0 0.534375 0.534375 0.0453125 0.08828125