1 0.14921875 0.7265625 0.0703125 0.0953125
1 0.39140625 0.75625 0.0640625 0.1078125
1 0.5671875 0.64609375 0.05390625 0.096875
1 0.50625 0.88515625 0.1015625 0.20546875
2 0.31328125 0.65 0.059375 0.2375
2 0.49296875 0.63828125 0.03203125 0.17421875
2 0.615625 0.58125 0.025 0.146875
0 0.7296875 0.63203125 0.0375 0.121875
0 0.6921875 0.671875 0.0421875 0.121875
0 0.6359375 0.74296875 0.05390625 0.128125
0 0.88984375 0.63359375 0.0625 0.05703125
0 0.9140625 0.7546875 0.06953125 0.17265625
0 0.52578125 0.54921875 0.025 0.0984375
2 0.47109375 0.55703125 0.0265625 0.09296875