2 0.76328125 0.7453125 0.0734375 0.21875
2 0.6609375 0.61015625 0.0390625 0.134375
2 0.56484375 0.59375 0.02890625 0.18671875
2 0.5015625 0.6328125 0.028125 0.16640625
0 0.3875 0.7578125 0.0578125 0.20703125
0 0.5203125 0.85546875 0.06015625 0.18671875
0 0.06796875 0.784375 0.0640625 0.17421875
0 0.09140625 0.646875 0.053125 0.07734375
2 0.29375 0.60703125 0.03671875 0.16171875
1 0.35625 0.603125 0.03671875 0.06484375
1 0.43984375 0.55859375 0.03671875 0.04296875
1 0.596875 0.73828125 0.06328125 0.08828125
0 0.784375 0.6390625 0.04140625 0.1203125