0 0.1640625 0.54296875 0.05703125 0.1359375
2 0.340625 0.5234375 0.04921875 0.20078125
1 0.61015625 0.49453125 0.03359375 0.03828125
2 0.246875 0.45546875 0.04140625 0.1484375
0 0.50859375 0.5421875 0.04609375 0.1375
0 0.64609375 0.50390625 0.03203125 0.08828125
0 0.68359375 0.55078125 0.0546875 0.1234375
0 0.82421875 0.5515625 0.04765625 0.15625
0 0.7640625 0.55625 0.03984375 0.21484375
2 0.72265625 0.5015625 0.03203125 0.225
2 0.50390625 0.44609375 0.04609375 0.08046875
1 0.3890625 0.528125 0.040625 0.05546875
1 0.41484375 0.49609375 0.040625 0.04453125
1 0.28203125 0.49609375 0.0234375 0.05390625
1 0.3140625 0.4609375 0.01796875 0.03828125
0 0.68828125 0.4453125 0.0359375 0.1