0 0.1625 0.5796875 0.0578125 0.225
0 0.6375 0.53984375 0.0359375 0.15078125
0 0.76484375 0.559375 0.0484375 0.19296875
0 0.68984375 0.5625 0.04375 0.171875
0 0.81796875 0.6171875 0.0390625 0.265625
2 0.24921875 0.528125 0.03984375 0.26171875
2 0.33828125 0.58125 0.04453125 0.303125
2 0.42265625 0.43359375 0.0328125 0.12421875
2 0.50703125 0.43515625 0.02421875 0.08203125
2 0.50234375 0.584375 0.05 0.19609375
2 0.72421875 0.48046875 0.034375 0.14453125
1 0.284375 0.49453125 0.0234375 0.0453125
1 0.38359375 0.525 0.03359375 0.06328125
1 0.41328125 0.4953125 0.034375 0.02265625
1 0.6109375 0.49453125 0.025 0.03671875
0 0.68984375 0.446875 0.02578125 0.0765625
2 0.6015625 0.41875 0.0453125 0.0859375