1 0.14921875 0.71328125 0.09609375 0.1015625
1 0.39140625 0.75 0.0640625 0.1078125
1 0.51015625 0.878125 0.1015625 0.16953125
1 0.57578125 0.63046875 0.046875 0.06640625
0 0.72734375 0.6171875 0.05234375 0.08984375
0 0.68671875 0.65703125 0.05390625 0.1234375
0 0.62734375 0.73359375 0.05703125 0.15859375
0 0.52734375 0.55 0.040625 0.1125
2 0.41171875 0.596875 0.046875 0.16640625
2 0.48671875 0.640625 0.0515625 0.18203125
2 0.61875 0.56015625 0.0359375 0.1109375
0 0.90625 0.88046875 0.0875 0.2390625
0 0.89296875 0.7015625 0.04921875 0.09375
0 0.88359375 0.61875 0.0421875 0.06171875