0 0.1984375 0.63671875 0.059375 0.21796875
0 0.4609375 0.6734375 0.05546875 0.18671875
0 0.628125 0.71875 0.08125 0.16640625
0 0.81953125 0.753125 0.0578125 0.228125
0 0.78828125 0.65625 0.03984375 0.1234375
0 0.52421875 0.62578125 0.059375 0.16796875
0 0.65 0.60546875 0.03203125 0.07578125
2 0.29375 0.703125 0.04375 0.36875
2 0.33125 0.5359375 0.03125 0.15859375
2 0.50859375 0.515625 0.02890625 0.1390625
2 0.5578125 0.5625 0.0375 0.21484375
2 0.6890625 0.51015625 0.03671875 0.153125
2 0.775 0.55625 0.0328125 0.1125
1 0.4328125 0.521875 0.03984375 0.06171875
1 0.37578125 0.55078125 0.03359375 0.07734375
1 0.475 0.5640625 0.02578125 0.08515625
1 0.4109375 0.59375 0.028125 0.06171875