0 0.19296875 0.61484375 0.05390625 0.16484375
0 0.29296875 0.64453125 0.04921875 0.18671875
0 0.628125 0.71640625 0.04921875 0.19140625
0 0.7875 0.640625 0.046875 0.1078125
0 0.64453125 0.6109375 0.03203125 0.1015625
1 0.41953125 0.60390625 0.06015625 0.06953125
1 0.3734375 0.55703125 0.0375 0.06171875
1 0.434375 0.5140625 0.04375 0.04296875
1 0.4703125 0.56484375 0.0390625 0.05234375
0 0.82109375 0.7390625 0.0703125 0.17890625
0 0.52421875 0.596875 0.03203125 0.1140625
2 0.5125 0.4953125 0.02578125 0.0984375
2 0.55234375 0.53671875 0.0296875 0.16015625
2 0.58359375 0.4984375 0.02265625 0.1328125
2 0.665625 0.5015625 0.03828125 0.1140625
2 0.771875 0.55390625 0.0234375 0.1109375
2 0.33046875 0.55234375 0.034375 0.17890625