0 0.196875 0.63359375 0.0703125 0.2421875
0 0.64921875 0.60546875 0.06015625 0.08203125
0 0.7828125 0.6484375 0.0609375 0.1203125
0 0.52109375 0.64140625 0.05 0.14375
0 0.63828125 0.73046875 0.06875 0.19609375
0 0.43203125 0.68046875 0.0828125 0.21875
0 0.825 0.759375 0.059375 0.19765625
2 0.3359375 0.55 0.04140625 0.16796875
2 0.5125 0.496875 0.034375 0.1171875
2 0.5578125 0.5546875 0.02890625 0.16796875
2 0.68203125 0.525 0.02265625 0.1390625
2 0.290625 0.67890625 0.06171875 0.32109375
2 0.77734375 0.55703125 0.040625 0.0984375
1 0.415625 0.5890625 0.04765625 0.06015625
1 0.37421875 0.553125 0.025 0.1
1 0.4359375 0.509375 0.0609375 0.05859375
1 0.46796875 0.55078125 0.04140625 0.03671875