0 0.50703125 0.8421875 0.071875 0.18671875
0 0.390625 0.7265625 0.05390625 0.1296875
0 0.7859375 0.61875 0.04453125 0.06796875
0 0.0953125 0.65234375 0.046875 0.07578125
0 0.07890625 0.7765625 0.07109375 0.17890625
2 0.56875 0.57734375 0.0296875 0.1390625
2 0.4984375 0.528125 0.034375 0.06171875
2 0.5125 0.6078125 0.065625 0.1046875
2 0.2859375 0.5875 0.0484375 0.134375
2 0.6578125 0.60546875 0.03359375 0.128125
1 0.59375 0.725 0.05546875 0.06796875
1 0.42109375 0.6203125 0.040625 0.06171875
1 0.34765625 0.58359375 0.0375 0.08046875
1 0.43515625 0.55234375 0.0421875 0.03984375
2 0.76484375 0.7484375 0.0515625 0.20390625