0 0.16640625 0.546875 0.07109375 0.146875
0 0.334375 0.54296875 0.03828125 0.16640625
0 0.6375 0.51015625 0.0234375 0.096875
0 0.6859375 0.5546875 0.0375 0.153125
0 0.82109375 0.54375 0.04921875 0.15625
0 0.76484375 0.5390625 0.0265625 0.15625
2 0.2453125 0.4828125 0.03984375 0.18203125
2 0.4203125 0.4125 0.0375 0.121875
2 0.51015625 0.4234375 0.025 0.07890625
2 0.5984375 0.43671875 0.03203125 0.1109375
2 0.721875 0.46328125 0.03125 0.1296875
0 0.6875 0.44296875 0.0296875 0.08984375
0 0.51015625 0.50078125 0.05234375 0.07265625
1 0.3859375 0.52578125 0.0375 0.06328125
1 0.31171875 0.46171875 0.0328125 0.03125