1 0.15625 0.71171875 0.0796875 0.1015625
1 0.39609375 0.74765625 0.075 0.128125
1 0.50546875 0.8796875 0.0734375 0.18515625
1 0.57265625 0.646875 0.04765625 0.0984375
2 0.49375 0.6328125 0.0375 0.16328125
2 0.30546875 0.61484375 0.06796875 0.16484375
2 0.41171875 0.58671875 0.03984375 0.1515625
2 0.478125 0.5421875 0.02265625 0.07578125
2 0.615625 0.575 0.03125 0.125
0 0.7234375 0.61875 0.0390625 0.08984375
0 0.68828125 0.66796875 0.04453125 0.1140625
0 0.628125 0.74453125 0.04609375 0.16796875
0 0.90546875 0.7359375 0.0671875 0.1484375
0 0.5296875 0.53984375 0.0296875 0.07421875