0 0.1703125 0.55234375 0.05625 0.16328125
0 0.3375 0.5515625 0.0390625 0.17421875
0 0.8140625 0.54765625 0.059375 0.1453125
0 0.7609375 0.5234375 0.0359375 0.17265625
0 0.690625 0.5421875 0.04921875 0.15
0 0.64140625 0.51953125 0.03359375 0.11875
0 0.5125 0.50078125 0.0453125 0.08828125
2 0.253125 0.4796875 0.0421875 0.18828125
2 0.4203125 0.4421875 0.03984375 0.15
2 0.5078125 0.4265625 0.028125 0.07265625
2 0.59765625 0.46953125 0.0265625 0.17421875
2 0.7171875 0.4640625 0.028125 0.18671875
0 0.69296875 0.43828125 0.01875 0.1078125
1 0.31171875 0.46875 0.025 0.06015625
1 0.37734375 0.525 0.02265625 0.07734375