2 0.69296875 0.61171875 0.04609375 0.2234375
2 0.284375 0.58515625 0.0640625 0.16015625
2 0.05625 0.7765625 0.09453125 0.25625
2 0.4984375 0.64296875 0.04140625 0.15859375
2 0.50078125 0.5328125 0.03828125 0.06953125
0 0.39765625 0.75546875 0.07109375 0.15625
0 0.51484375 0.85234375 0.05703125 0.20546875
0 0.7921875 0.6375 0.03984375 0.08359375
0 0.09921875 0.68515625 0.06015625 0.1421875
0 0.15390625 0.89375 0.0765625 0.2125
1 0.43046875 0.6390625 0.0484375 0.07109375
1 0.4375 0.55390625 0.04375 0.05859375
1 0.35 0.60390625 0.040625 0.109375
1 0.61015625 0.73515625 0.084375 0.07265625
2 0.7609375 0.73046875 0.05625 0.20859375
0 0.71640625 0.94765625 0.1140625 0.08984375