0 0.1703125 0.70625 0.10703125 0.2484375
0 0.49140625 0.6421875 0.071875 0.21875
0 0.78828125 0.5734375 0.0546875 0.16796875
0 0.859375 0.546875 0.05546875 0.15
0 0.725 0.5421875 0.0421875 0.15625
0 0.64296875 0.5515625 0.06796875 0.13125
0 0.5359375 0.546875 0.02890625 0.10625
1 0.40390625 0.58984375 0.0484375 0.09296875
1 0.3625 0.54453125 0.0390625 0.04296875
1 0.571875 0.51484375 0.0421875 0.04765625
2 0.33125 0.47734375 0.05 0.134375
2 0.20078125 0.5234375 0.06015625 0.18515625
2 0.41640625 0.4546875 0.03828125 0.140625
2 0.46953125 0.4734375 0.0265625 0.1203125
2 0.50546875 0.46015625 0.0359375 0.1203125
2 0.628125 0.4453125 0.03984375 0.06328125
0 0.56796875 0.45390625 0.034375 0.06171875