1 0.6078125 0.7328125 0.06953125 0.08671875
1 0.4234375 0.62578125 0.0546875 0.04765625
1 0.34609375 0.58515625 0.04140625 0.07109375
1 0.4390625 0.56171875 0.03984375 0.04609375
1 0.321875 0.67890625 0.0546875 0.06171875
2 0.05 0.7890625 0.0640625 0.28515625
0 0.0984375 0.6765625 0.06171875 0.15625
0 0.15078125 0.8890625 0.09375 0.221875
2 0.7609375 0.73671875 0.06953125 0.19921875
2 0.496875 0.625 0.04765625 0.17265625
2 0.56953125 0.5828125 0.0421875 0.17109375
2 0.78125 0.61796875 0.059375 0.096875