2 0.76484375 0.7453125 0.0765625 0.20390625
2 0.65234375 0.6171875 0.0375 0.16953125
2 0.50078125 0.65234375 0.02109375 0.18359375
2 0.559375 0.59375 0.03359375 0.153125
2 0.50546875 0.52421875 0.0421875 0.05390625
2 0.28828125 0.5921875 0.0390625 0.16484375
1 0.43984375 0.56640625 0.0375 0.06171875
1 0.34921875 0.5984375 0.0421875 0.06484375
1 0.31875 0.678125 0.078125 0.05390625
1 0.43203125 0.64453125 0.05 0.05703125
1 0.58828125 0.72734375 0.065625 0.06953125
0 0.08359375 0.784375 0.06953125 0.20234375
0 0.09296875 0.64375 0.0515625 0.08046875
0 0.38828125 0.740625 0.04453125 0.1453125
0 0.50703125 0.84296875 0.06796875 0.17578125
0 0.73046875 0.94375 0.0703125 0.08828125
0 0.78515625 0.6171875 0.0421875 0.06171875