0 0.1890625 0.71875 0.11796875 0.29609375
0 0.659375 0.61484375 0.078125 0.21796875
0 0.784375 0.58984375 0.06484375 0.18828125
0 0.86953125 0.5859375 0.05703125 0.19296875
0 0.725 0.5390625 0.034375 0.15
0 0.5484375 0.58984375 0.05 0.16328125
0 0.57109375 0.46796875 0.0453125 0.06796875
2 0.2078125 0.515625 0.06953125 0.17578125
2 0.3390625 0.47578125 0.0453125 0.140625
2 0.48515625 0.68828125 0.06796875 0.4046875
2 0.6359375 0.4796875 0.034375 0.1203125
2 0.46328125 0.484375 0.0328125 0.1296875
1 0.4171875 0.59375 0.053125 0.06640625
1 0.3734375 0.53515625 0.04375 0.04296875
1 0.56953125 0.515625 0.04375 0.04921875