2 0.56640625 0.575 0.025 0.140625
2 0.65546875 0.6046875 0.028125 0.1484375
2 0.76328125 0.7453125 0.04453125 0.19453125
2 0.29140625 0.5875 0.0359375 0.128125
2 0.503125 0.5390625 0.02578125 0.07890625
1 0.43671875 0.5578125 0.0328125 0.05078125
1 0.35625 0.5921875 0.040625 0.06953125
1 0.43046875 0.634375 0.03671875 0.05546875
1 0.31796875 0.68828125 0.065625 0.04296875
1 0.59609375 0.72109375 0.0546875 0.06328125
0 0.52265625 0.846875 0.0734375 0.1515625
0 0.39296875 0.74375 0.0484375 0.1328125
0 0.0921875 0.65078125 0.04140625 0.08828125
0 0.07890625 0.76015625 0.075 0.128125
2 0.4953125 0.6171875 0.03203125 0.1234375
0 0.78515625 0.62109375 0.04609375 0.07578125