0 0.18125 0.59140625 0.06328125 0.234375
0 0.5125 0.5625 0.0375 0.19609375
0 0.68984375 0.5859375 0.046875 0.2234375
0 0.6390625 0.5234375 0.03359375 0.16328125
0 0.82109375 0.57109375 0.040625 0.20078125
0 0.76484375 0.5328125 0.0421875 0.153125
0 0.68828125 0.4546875 0.02421875 0.14375
2 0.72109375 0.4796875 0.0328125 0.17265625
2 0.25 0.5015625 0.046875 0.21875
2 0.42421875 0.425 0.04765625 0.11875
2 0.5125 0.421875 0.0375 0.07890625
2 0.603125 0.43984375 0.03046875 0.1390625
1 0.31328125 0.46484375 0.0296875 0.05234375
1 0.3796875 0.51640625 0.03125 0.07890625
1 0.41484375 0.484375 0.03203125 0.04921875
1 0.6140625 0.490625 0.0234375 0.04609375