1 0.5890625 0.7359375 0.05625 0.1015625
1 0.42421875 0.63125 0.05703125 0.06171875
1 0.35234375 0.59921875 0.0390625 0.1
1 0.4390625 0.559375 0.028125 0.05078125
1 0.32734375 0.68671875 0.06171875 0.06171875
0 0.09609375 0.69453125 0.04375 0.1484375
0 0.79609375 0.60703125 0.0484375 0.096875
0 0.3921875 0.75390625 0.04375 0.17421875
0 0.50859375 0.8640625 0.06875 0.234375
2 0.7640625 0.7453125 0.04375 0.19453125
2 0.56953125 0.5796875 0.040625 0.15
2 0.49140625 0.63046875 0.03984375 0.16484375
2 0.28671875 0.59375 0.0453125 0.1453125
2 0.0484375 0.79453125 0.0578125 0.28984375