0 0.19609375 0.62734375 0.05703125 0.18046875
0 0.5234375 0.621875 0.046875 0.1265625
0 0.828125 0.75 0.05390625 0.225
0 0.79453125 0.6375 0.04453125 0.1171875
0 0.63359375 0.71171875 0.04921875 0.18515625
0 0.4546875 0.67890625 0.03671875 0.17578125
0 0.64375 0.6 0.04921875 0.07734375
2 0.2953125 0.6671875 0.06484375 0.29765625
2 0.33125 0.51328125 0.02890625 0.1125
2 0.5578125 0.55703125 0.0390625 0.18203125
2 0.5109375 0.4953125 0.0375 0.0953125
2 0.68203125 0.50625 0.0265625 0.1203125
1 0.41484375 0.590625 0.040625 0.06640625
1 0.46796875 0.5578125 0.04375 0.04765625
1 0.378125 0.54140625 0.0375 0.07734375
1 0.434375 0.51484375 0.05390625 0.04765625
2 0.77734375 0.546875 0.0390625 0.103125