0 0.1484375 0.7140625 0.06953125 0.096875
0 0.62578125 0.7328125 0.0453125 0.1171875
0 0.6875 0.66171875 0.0328125 0.1265625
0 0.73671875 0.63046875 0.046875 0.140625
0 0.884375 0.63203125 0.04765625 0.06640625
0 0.88203125 0.7296875 0.09296875 0.1140625
0 0.52109375 0.540625 0.034375 0.07578125
2 0.40859375 0.5859375 0.03671875 0.15859375
2 0.315625 0.62734375 0.053125 0.18359375
2 0.6203125 0.55859375 0.03203125 0.1203125
2 0.4890625 0.61171875 0.0234375 0.121875
1 0.57578125 0.63359375 0.040625 0.06328125
1 0.39140625 0.73125 0.04921875 0.07734375
1 0.509375 0.8796875 0.07265625 0.1421875