0 0.10078125 0.7 0.059375 0.14375
2 0.296875 0.61015625 0.0328125 0.15625
1 0.43671875 0.5703125 0.0453125 0.06015625
1 0.3546875 0.59375 0.05546875 0.08671875
2 0.04921875 0.79140625 0.05625 0.28359375
1 0.334375 0.684375 0.078125 0.04140625
1 0.434375 0.6359375 0.05390625 0.05859375
2 0.50234375 0.6328125 0.0234375 0.1484375
2 0.50546875 0.521875 0.028125 0.05546875
2 0.6875 0.609375 0.03671875 0.18828125
0 0.39375 0.76484375 0.04140625 0.153125
0 0.1640625 0.890625 0.08125 0.21875
0 0.5265625 0.85 0.0703125 0.20390625
1 0.603125 0.74921875 0.08125 0.096875
0 0.78359375 0.61875 0.059375 0.06796875
2 0.76875 0.78828125 0.05234375 0.259375
0 0.73125 0.953125 0.1 0.08828125