0 0.19921875 0.615625 0.053125 0.16953125
0 0.45 0.665625 0.0421875 0.18359375
0 0.51875 0.62265625 0.040625 0.146875
0 0.63125 0.71015625 0.03125 0.17578125
0 0.82421875 0.75703125 0.0515625 0.21796875
0 0.790625 0.646875 0.03671875 0.1296875
2 0.5453125 0.5578125 0.03828125 0.20234375
2 0.58828125 0.51484375 0.03046875 0.146875
2 0.3328125 0.5484375 0.034375 0.16484375
2 0.284375 0.665625 0.0515625 0.29453125
2 0.77578125 0.5453125 0.02578125 0.1125
0 0.64921875 0.60625 0.0453125 0.08671875
1 0.409375 0.5828125 0.04921875 0.05703125
1 0.4671875 0.54609375 0.0375 0.06171875
1 0.4265625 0.50546875 0.0328125 0.06953125
1 0.371875 0.5421875 0.03046875 0.06953125