0 0.18359375 0.715625 0.10859375 0.2703125
0 0.55 0.55546875 0.05703125 0.1546875
0 0.7234375 0.5234375 0.040625 0.1296875
0 0.6625 0.6015625 0.06953125 0.20390625
0 0.784375 0.565625 0.0484375 0.146875
0 0.8609375 0.54453125 0.0515625 0.17265625
0 0.56484375 0.4546875 0.03359375 0.07890625
2 0.2015625 0.50703125 0.06328125 0.18359375
2 0.3390625 0.4703125 0.06015625 0.1234375
2 0.459375 0.47109375 0.0453125 0.10625
2 0.646875 0.45703125 0.05546875 0.07421875
1 0.41875 0.5734375 0.0703125 0.07578125
1 0.3609375 0.53828125 0.05703125 0.06171875