1 0.159375 0.73515625 0.0890625 0.115625
1 0.4046875 0.73515625 0.07734375 0.08203125
1 0.52109375 0.896875 0.11015625 0.1546875
1 0.578125 0.634375 0.05703125 0.08671875
0 0.728125 0.62578125 0.04609375 0.08828125
0 0.68671875 0.66875 0.05234375 0.140625
0 0.64296875 0.75234375 0.06015625 0.18046875
0 0.53046875 0.5515625 0.04453125 0.09140625
0 0.8921875 0.63359375 0.0546875 0.06328125
0 0.9203125 0.73515625 0.078125 0.1125
0 0.9 0.86484375 0.0953125 0.18359375
2 0.175 0.89609375 0.14375 0.18359375
2 0.31796875 0.628125 0.05546875 0.20078125
2 0.4953125 0.65546875 0.040625 0.20859375
2 0.45390625 0.5875 0.0234375 0.15859375
2 0.62109375 0.55703125 0.0390625 0.1015625