0 0.17890625 0.71875 0.09296875 0.29765625
0 0.6515625 0.609375 0.06796875 0.2375
0 0.78828125 0.56796875 0.07265625 0.17578125
0 0.85859375 0.55234375 0.0421875 0.17265625
0 0.72421875 0.53203125 0.0453125 0.17578125
0 0.56953125 0.4578125 0.034375 0.07265625
2 0.3390625 0.45703125 0.04375 0.1171875
2 0.20546875 0.49765625 0.06328125 0.15625
2 0.4890625 0.6875 0.0546875 0.396875
2 0.4625 0.44296875 0.03125 0.03984375
2 0.49296875 0.44375 0.03203125 0.05390625
2 0.6328125 0.45 0.02578125 0.06953125
1 0.36875 0.5375 0.0359375 0.05390625
1 0.4046875 0.58203125 0.0546875 0.08671875
1 0.56875 0.51328125 0.025 0.05703125