0 0.18046875 0.69375 0.0828125 0.2421875
0 0.475 0.63828125 0.0578125 0.2390625
0 0.54140625 0.5515625 0.0484375 0.115625
0 0.6453125 0.5265625 0.05625 0.1046875
0 0.73125 0.525 0.03828125 0.1140625
0 0.8546875 0.55234375 0.0625 0.16953125
0 0.78515625 0.5578125 0.04453125 0.15
0 0.565625 0.459375 0.03359375 0.06640625
2 0.63515625 0.46796875 0.0296875 0.0953125
2 0.1953125 0.5140625 0.05234375 0.16640625
2 0.33203125 0.4890625 0.0359375 0.18203125
2 0.4203125 0.46484375 0.02265625 0.1484375
2 0.46640625 0.4671875 0.0296875 0.11875
2 0.5046875 0.453125 0.03828125 0.103125
1 0.37578125 0.53203125 0.0625 0.06484375
1 0.5734375 0.5109375 0.040625 0.03359375