0 0.19765625 0.615625 0.05546875 0.16953125
0 0.2890625 0.64609375 0.05546875 0.17109375
0 0.5203125 0.62265625 0.03671875 0.146875
0 0.640625 0.6078125 0.03828125 0.06484375
0 0.62265625 0.7015625 0.0546875 0.134375
0 0.7921875 0.63125 0.03125 0.1015625
0 0.8296875 0.70546875 0.0671875 0.1328125
2 0.32890625 0.55234375 0.028125 0.17578125
2 0.509375 0.49375 0.0390625 0.1078125
2 0.553125 0.5484375 0.02109375 0.16171875
2 0.584375 0.51484375 0.021875 0.146875
2 0.6703125 0.50703125 0.02578125 0.1375
2 0.775 0.53828125 0.02421875 0.0953125
1 0.41171875 0.61015625 0.065625 0.103125
1 0.3703125 0.53984375 0.028125 0.06171875
1 0.440625 0.5078125 0.04375 0.05546875