0 0.16171875 0.54609375 0.06328125 0.16328125
0 0.334375 0.54375 0.04609375 0.16171875
0 0.6796875 0.5515625 0.03125 0.153125
0 0.825 0.5546875 0.03671875 0.16484375
0 0.7640625 0.540625 0.034375 0.15
0 0.50625 0.50625 0.0390625 0.1015625
0 0.640625 0.51484375 0.0328125 0.1125
2 0.41953125 0.425 0.05234375 0.09375
2 0.50703125 0.4234375 0.02578125 0.06015625
2 0.59921875 0.45078125 0.02421875 0.1484375
2 0.71953125 0.4640625 0.03359375 0.15859375
0 0.6875 0.45546875 0.03125 0.08984375
1 0.3828125 0.521875 0.03125 0.05234375
1 0.4046875 0.5015625 0.03125 0.03984375
1 0.31171875 0.46875 0.03125 0.05078125
1 0.61484375 0.49921875 0.025 0.05390625
2 0.24765625 0.4625 0.0375 0.153125