0 0.16328125 0.5453125 0.06484375 0.16484375
0 0.5109375 0.5484375 0.05390625 0.15625
0 0.684375 0.5625 0.0375 0.16484375
0 0.63671875 0.51640625 0.03359375 0.11875
0 0.815625 0.54609375 0.03671875 0.1484375
0 0.76015625 0.528125 0.0515625 0.1328125
2 0.71953125 0.48359375 0.0296875 0.18671875
0 0.6859375 0.43671875 0.0296875 0.0984375
2 0.33515625 0.58828125 0.05546875 0.34296875
2 0.24921875 0.5078125 0.04140625 0.234375
2 0.50234375 0.4265625 0.053125 0.08203125
1 0.3859375 0.5234375 0.03203125 0.06171875
1 0.40703125 0.4953125 0.0328125 0.03984375
1 0.31015625 0.45546875 0.02578125 0.03125
1 0.61484375 0.49375 0.0203125 0.04609375