0 0.20859375 0.6265625 0.04921875 0.18203125
1 0.37265625 0.55 0.04140625 0.07265625
1 0.42734375 0.50703125 0.03984375 0.07265625
1 0.47109375 0.5578125 0.03046875 0.05390625
1 0.4203125 0.584375 0.04765625 0.05390625
0 0.63203125 0.72265625 0.06796875 0.18984375
0 0.64609375 0.59765625 0.0453125 0.07578125
0 0.79140625 0.61796875 0.03671875 0.05703125
0 0.81875 0.7203125 0.06015625 0.15703125
0 0.5203125 0.6265625 0.03359375 0.16015625
0 0.446875 0.67578125 0.05234375 0.20390625
2 0.58671875 0.5171875 0.0234375 0.1234375
2 0.54765625 0.52734375 0.046875 0.1375
2 0.33046875 0.54921875 0.03984375 0.18515625
2 0.28828125 0.59140625 0.05703125 0.16953125
2 0.7765625 0.54140625 0.03125 0.0984375