0 0.1921875 0.59921875 0.05390625 0.15
0 0.2921875 0.64140625 0.0640625 0.140625
0 0.634375 0.71875 0.0515625 0.18359375
0 0.8234375 0.73984375 0.03984375 0.18984375
0 0.784375 0.63359375 0.040625 0.1125
0 0.5140625 0.61640625 0.04765625 0.125
2 0.33203125 0.525 0.0390625 0.13515625
2 0.5125 0.49375 0.04375 0.11484375
2 0.5546875 0.521875 0.01640625 0.14140625
2 0.584375 0.51171875 0.0328125 0.1484375
2 0.66328125 0.5140625 0.040625 0.13359375
2 0.77734375 0.53046875 0.0375 0.084375
1 0.41328125 0.5953125 0.04140625 0.0765625
1 0.4703125 0.559375 0.0328125 0.05546875
1 0.4328125 0.51796875 0.0265625 0.059375
0 0.64140625 0.59375 0.03828125 0.05859375