0 0.19375 0.61640625 0.04921875 0.1375
0 0.29453125 0.634375 0.05546875 0.1546875
0 0.821875 0.725 0.053125 0.17890625
0 0.790625 0.62578125 0.04453125 0.09140625
0 0.64296875 0.60859375 0.03125 0.1
0 0.5171875 0.6015625 0.04140625 0.1109375
2 0.66796875 0.51328125 0.0359375 0.10625
2 0.77890625 0.5375 0.05 0.10625
2 0.55390625 0.53125 0.02578125 0.1390625
2 0.58671875 0.51328125 0.0328125 0.11875
2 0.51015625 0.5 0.040625 0.1234375
2 0.32734375 0.53046875 0.0296875 0.1375
1 0.3703125 0.54765625 0.02890625 0.08046875
1 0.4296875 0.50703125 0.03671875 0.05078125
1 0.41328125 0.59375 0.04140625 0.08203125
0 0.63125 0.7125 0.0359375 0.146875
1 0.46953125 0.55390625 0.03671875 0.05234375