0 0.16328125 0.56953125 0.065625 0.21015625
0 0.33828125 0.55 0.0515625 0.19609375
0 0.51328125 0.5140625 0.03671875 0.1078125
0 0.6390625 0.51328125 0.03203125 0.134375
0 0.76640625 0.52890625 0.0375 0.16796875
0 0.8171875 0.54140625 0.040625 0.1484375
0 0.68828125 0.553125 0.03828125 0.14375
2 0.24765625 0.50546875 0.0484375 0.2359375
2 0.59921875 0.46015625 0.0359375 0.18203125
2 0.5125 0.42890625 0.0359375 0.06484375
2 0.421875 0.4296875 0.0296875 0.11875
2 0.721875 0.4546875 0.034375 0.125
0 0.6921875 0.440625 0.028125 0.1
1 0.38984375 0.52734375 0.04140625 0.096875
1 0.40546875 0.5 0.02578125 0.06484375
1 0.31796875 0.4625 0.03984375 0.04765625
1 0.61484375 0.49765625 0.0328125 0.03515625
0 0.6875 0.56171875 0.0328125 0.17265625