0 0.1640625 0.6 0.040625 0.271875
2 0.24765625 0.5203125 0.0375 0.24921875
1 0.28359375 0.48828125 0.025 0.04609375
1 0.3125 0.4578125 0.02890625 0.05
2 0.33984375 0.58984375 0.0375 0.3578125
1 0.390625 0.525 0.04453125 0.0546875
1 0.41171875 0.496875 0.03984375 0.02890625
2 0.41640625 0.42265625 0.0515625 0.10390625
2 0.50703125 0.43671875 0.04140625 0.103125
0 0.50859375 0.54296875 0.05703125 0.134375
2 0.603125 0.4296875 0.0328125 0.115625
1 0.61171875 0.49921875 0.0296875 0.028125
0 0.6359375 0.5 0.04453125 0.08828125
0 0.68125 0.546875 0.05859375 0.1375
0 0.82890625 0.54375 0.0734375 0.14375
0 0.76484375 0.509375 0.0390625 0.10625
2 0.725 0.45703125 0.0328125 0.125
0 0.6890625 0.43984375 0.02890625 0.0765625