0 0.17734375 0.68828125 0.08515625 0.23125
0 0.48203125 0.6265625 0.06796875 0.20703125
0 0.53828125 0.546875 0.03203125 0.121875
0 0.7234375 0.5265625 0.03125 0.1328125
0 0.775 0.58046875 0.03984375 0.19453125
0 0.85390625 0.53515625 0.05234375 0.1390625
0 0.6453125 0.53125 0.0390625 0.0953125
0 0.5671875 0.45234375 0.02578125 0.06171875
2 0.33046875 0.51015625 0.0375 0.20234375
2 0.20390625 0.51875 0.06796875 0.1546875
2 0.4265625 0.46875 0.034375 0.16015625
2 0.465625 0.46640625 0.02890625 0.1171875
2 0.5046875 0.4765625 0.02578125 0.1359375
2 0.63046875 0.459375 0.0359375 0.109375
1 0.4046875 0.5796875 0.05625 0.06328125
1 0.57265625 0.5109375 0.03203125 0.03125