0 0.17109375 0.70546875 0.09921875 0.275
0 0.53984375 0.54765625 0.0390625 0.1390625
0 0.659375 0.5828125 0.08125 0.17421875
0 0.7859375 0.5703125 0.04921875 0.17421875
0 0.8609375 0.55234375 0.0484375 0.16015625
0 0.72265625 0.5203125 0.04765625 0.1328125
0 0.5375 0.54453125 0.03671875 0.1421875
1 0.40546875 0.58828125 0.0515625 0.07109375
1 0.3640625 0.534375 0.040625 0.04765625
1 0.5765625 0.50859375 0.0359375 0.04140625
2 0.33125 0.47734375 0.04375 0.15625
2 0.49140625 0.6578125 0.06171875 0.390625
2 0.6359375 0.4421875 0.0390625 0.07578125
2 0.1921875 0.51875 0.0671875 0.18515625
0 0.56953125 0.44609375 0.0328125 0.0984375