0 0.16875 0.57734375 0.071875 0.21875
0 0.51796875 0.57265625 0.04453125 0.19765625
0 0.63984375 0.5234375 0.03359375 0.1359375
0 0.759375 0.546875 0.0296875 0.17421875
0 0.81640625 0.55390625 0.04765625 0.18203125
2 0.334375 0.5921875 0.03359375 0.31328125
2 0.24375 0.48828125 0.0453125 0.21484375
2 0.42109375 0.43671875 0.0421875 0.1453125
2 0.5046875 0.425 0.0453125 0.121875
2 0.7234375 0.49375 0.028125 0.20390625
1 0.38046875 0.52421875 0.0359375 0.1
1 0.41484375 0.4921875 0.0421875 0.04609375
0 0.6828125 0.5609375 0.0296875 0.18046875
1 0.30703125 0.4578125 0.0265625 0.08203125
1 0.61015625 0.49140625 0.0296875 0.04453125