0 0.1609375 0.5609375 0.05234375 0.175
0 0.509375 0.54609375 0.05078125 0.17421875
0 0.82421875 0.546875 0.06953125 0.14453125
0 0.7625 0.50390625 0.04375 0.09453125
0 0.64296875 0.5 0.03671875 0.07578125
1 0.3109375 0.45859375 0.02421875 0.040625
1 0.27890625 0.47890625 0.02734375 0.03515625
1 0.38515625 0.521875 0.03515625 0.04296875
1 0.409375 0.490625 0.0234375 0.0265625
1 0.6140625 0.49375 0.02421875 0.028125
2 0.2484375 0.45078125 0.0328125 0.11640625
2 0.3421875 0.51875 0.03515625 0.19296875
2 0.41484375 0.42578125 0.0328125 0.09375
2 0.50546875 0.4234375 0.0375 0.0703125
2 0.690625 0.44296875 0.0203125 0.075
2 0.72265625 0.453125 0.0359375 0.11796875