0 0.16875 0.55703125 0.06328125 0.18203125
0 0.50859375 0.53984375 0.06328125 0.16015625
0 0.68125 0.553125 0.04921875 0.15625
0 0.8140625 0.5296875 0.04921875 0.1390625
0 0.76796875 0.5109375 0.0390625 0.1234375
2 0.33359375 0.5453125 0.0515625 0.2515625
2 0.25078125 0.4828125 0.0484375 0.19765625
2 0.4203125 0.43984375 0.0453125 0.1546875
2 0.50703125 0.42890625 0.0328125 0.1140625
2 0.71953125 0.46953125 0.03125 0.17421875
0 0.6859375 0.44375 0.03359375 0.1
1 0.3859375 0.5171875 0.03984375 0.08671875
1 0.3109375 0.45078125 0.02265625 0.05546875
1 0.6109375 0.49140625 0.03125 0.04140625
0 0.63515625 0.50703125 0.0296875 0.125