2 0.20703125 0.5125 0.0828125 0.21328125
2 0.48984375 0.61484375 0.03828125 0.28515625
2 0.6359375 0.45625 0.03828125 0.07265625
2 0.56484375 0.45859375 0.02109375 0.065625
2 0.4625 0.4796875 0.01640625 0.1265625
2 0.3328125 0.46171875 0.025 0.103125
0 0.1484375 0.57578125 0.00078125 0.00390625
0 0.17734375 0.72109375 0.0828125 0.265625
0 0.5359375 0.53984375 0.03671875 0.11640625
0 0.653125 0.571875 0.05703125 0.13203125
0 0.725 0.53046875 0.04375 0.1125
0 0.78203125 0.57265625 0.04765625 0.16953125
0 0.85390625 0.55078125 0.04296875 0.13359375
1 0.3671875 0.53515625 0.0265625 0.07109375
1 0.40703125 0.58203125 0.07265625 0.09453125
1 0.57265625 0.50546875 0.040625 0.05625