2 0.30703125 0.6109375 0.0421875 0.13671875
2 0.4859375 0.64453125 0.04453125 0.1875
2 0.61484375 0.575 0.025 0.10546875
0 0.16796875 0.90078125 0.115625 0.1984375
0 0.62578125 0.73671875 0.04375 0.1421875
0 0.6859375 0.66484375 0.04765625 0.11484375
0 0.73359375 0.5953125 0.0390625 0.07734375
0 0.8890625 0.86640625 0.04921875 0.1953125
0 0.90078125 0.72890625 0.06875 0.1390625
0 0.890625 0.62890625 0.0421875 0.05234375
1 0.515625 0.88046875 0.0984375 0.14921875
1 0.38828125 0.7328125 0.07109375 0.090625
1 0.1515625 0.71328125 0.06796875 0.07265625
1 0.5703125 0.66171875 0.0515625 0.12734375
0 0.52578125 0.55859375 0.02421875 0.10546875