2 0.0453125 0.7734375 0.06015625 0.27109375
2 0.29296875 0.59296875 0.04140625 0.146875
2 0.76640625 0.75390625 0.05078125 0.2
2 0.50859375 0.52265625 0.03984375 0.0453125
2 0.50546875 0.628125 0.03515625 0.15
0 0.14453125 0.88359375 0.08671875 0.19453125
0 0.38828125 0.775 0.0640625 0.20546875
0 0.50859375 0.86953125 0.07578125 0.23671875
0 0.73203125 0.9515625 0.08515625 0.096875
0 0.79140625 0.63046875 0.034375 0.15546875
1 0.10078125 0.68125 0.046875 0.1609375
1 0.36015625 0.6078125 0.0546875 0.0765625
1 0.440625 0.57109375 0.03828125 0.07109375
1 0.43359375 0.6375 0.03515625 0.065625
1 0.60078125 0.78046875 0.07734375 0.19609375
1 0.32421875 0.6890625 0.04765625 0.084375