2 0.04453125 0.76015625 0.059375 0.24765625
2 0.2890625 0.596875 0.03828125 0.1609375
2 0.5 0.62578125 0.03359375 0.1125
2 0.5046875 0.5390625 0.03046875 0.07734375
2 0.75390625 0.73125 0.06171875 0.16640625
2 0.165625 0.88515625 0.0875 0.20859375
2 0.0921875 0.68125 0.034375 0.11953125
2 0.3890625 0.746875 0.0453125 0.15078125
2 0.51953125 0.84921875 0.06484375 0.1609375
2 0.73359375 0.9546875 0.06484375 0.090625
1 0.5921875 0.7296875 0.0859375 0.06328125
1 0.3515625 0.61171875 0.0515625 0.065625
1 0.44453125 0.56953125 0.04453125 0.06015625
1 0.42734375 0.62578125 0.059375 0.0625
1 0.3296875 0.68125 0.06796875 0.0453125
0 0.78515625 0.61953125 0.0515625 0.08203125