2 0.0515625 0.78203125 0.06328125 0.28125
2 0.290625 0.60234375 0.03125 0.14375
2 0.50234375 0.65390625 0.0296875 0.19609375
2 0.74453125 0.76796875 0.07265625 0.2640625
2 0.50546875 0.52421875 0.021875 0.08515625
1 0.33125 0.6921875 0.04453125 0.1
1 0.35625 0.6078125 0.04921875 0.06484375
1 0.43671875 0.56484375 0.0234375 0.03671875
1 0.52421875 0.88203125 0.0640625 0.21796875
1 0.59921875 0.734375 0.06953125 0.08359375
1 0.43203125 0.625 0.04453125 0.06171875
0 0.79453125 0.62890625 0.04765625 0.07890625
0 0.74453125 0.96015625 0.1171875 0.05234375
0 0.096875 0.6734375 0.05390625 0.1375
0 0.1296875 0.79375 0.0046875 0.06015625
0 0.165625 0.86484375 0.0796875 0.2703125
0 0.40390625 0.75703125 0.04609375 0.16171875