2 0.7625 0.73984375 0.0796875 0.18515625
2 0.2890625 0.60546875 0.03671875 0.15078125
2 0.49765625 0.64375 0.03515625 0.16953125
2 0.04375 0.7671875 0.059375 0.28203125
2 0.51328125 0.5265625 0.04609375 0.05859375
1 0.43984375 0.57421875 0.04296875 0.0765625
1 0.35546875 0.60625 0.06640625 0.0640625
1 0.42734375 0.6515625 0.05390625 0.10546875
1 0.59765625 0.75703125 0.05859375 0.11796875
1 0.33671875 0.68828125 0.0703125 0.08828125
0 0.09921875 0.6984375 0.0484375 0.15859375
0 0.15390625 0.86953125 0.08515625 0.1984375
0 0.3921875 0.76640625 0.05859375 0.1953125
0 0.74140625 0.946875 0.0875 0.10625
0 0.79296875 0.640625 0.02578125 0.13125
0 0.521875 0.8515625 0.08046875 0.20703125