2 0.49375 0.60859375 0.0484375 0.27265625
2 0.20625 0.53515625 0.05234375 0.17734375
2 0.33515625 0.4734375 0.0375 0.1203125
2 0.46015625 0.4875 0.02578125 0.1375
2 0.5671875 0.45546875 0.0265625 0.059375
2 0.64296875 0.4515625 0.03828125 0.071875
0 0.1828125 0.70234375 0.09296875 0.2171875
0 0.54453125 0.54609375 0.04765625 0.11015625
0 0.65546875 0.609375 0.0703125 0.21015625
0 0.78046875 0.57421875 0.04140625 0.146875
0 0.85859375 0.553125 0.05546875 0.11484375
0 0.725 0.5359375 0.03828125 0.1359375
1 0.36953125 0.5390625 0.040625 0.059375
1 0.40859375 0.57890625 0.0390625 0.06171875
1 0.57421875 0.51015625 0.03828125 0.059375
2 0.36875 0.55859375 0.24296875 0.08203125
2 0.484375 0.56328125 0.034375 0.06328125