0 0.1671875 0.54296875 0.0484375 0.171875
0 0.5140625 0.5484375 0.04296875 0.14375
0 0.63984375 0.51328125 0.0203125 0.09453125
0 0.7671875 0.51328125 0.03671875 0.10625
0 0.82421875 0.5390625 0.04140625 0.11640625
0 0.67734375 0.5453125 0.0546875 0.13125
2 0.24375 0.46953125 0.03203125 0.1546875
2 0.3375 0.52421875 0.02734375 0.17890625
2 0.51015625 0.43046875 0.0375 0.0859375
2 0.68984375 0.4328125 0.028125 0.08828125
2 0.7265625 0.46484375 0.028125 0.1296875
2 0.421875 0.42265625 0.04921875 0.103125
1 0.27421875 0.49375 0.02890625 0.05546875
1 0.3109375 0.45859375 0.02109375 0.03671875
1 0.41328125 0.49140625 0.03671875 0.03828125
1 0.38359375 0.52109375 0.021875 0.06328125
1 0.6171875 0.49140625 0.01796875 0.04609375