0 0.85703125 0.54296875 0.0625 0.14296875
0 0.17734375 0.7078125 0.10234375 0.24921875
0 0.5359375 0.546875 0.0421875 0.11484375
0 0.64921875 0.6015625 0.04296875 0.20859375
0 0.72578125 0.51796875 0.0375 0.109375
1 0.7828125 0.5609375 0.0625 0.1203125
1 0.36796875 0.53125 0.0359375 0.04609375
1 0.40625 0.57578125 0.07421875 0.06328125
1 0.56640625 0.5171875 0.03125 0.03828125
2 0.6390625 0.440625 0.03203125 0.06171875
2 0.3328125 0.4609375 0.0484375 0.1046875
2 0.46328125 0.471875 0.028125 0.125
2 0.203125 0.52734375 0.0421875 0.1953125
2 0.4984375 0.71328125 0.059375 0.4890625
0 0.571875 0.45234375 0.03671875 0.08671875