0 0.85625 0.56875 0.05546875 0.2125
0 0.78828125 0.5765625 0.071875 0.16953125
0 0.6625 0.603125 0.059375 0.21328125
0 0.72734375 0.53515625 0.04140625 0.1546875
0 0.5421875 0.58359375 0.04765625 0.18125
0 0.1875 0.72421875 0.078125 0.26796875
2 0.33203125 0.4859375 0.0375 0.16953125
2 0.21171875 0.52421875 0.0453125 0.1953125
2 0.459375 0.4875 0.02109375 0.15078125
2 0.5703125 0.44609375 0.028125 0.08515625
2 0.634375 0.44921875 0.0265625 0.078125
1 0.36953125 0.54140625 0.03515625 0.05546875
1 0.4125 0.58359375 0.06171875 0.0875
1 0.571875 0.52265625 0.040625 0.07265625
2 0.496875 0.61953125 0.04609375 0.309375