0 0.63359375 0.77421875 0.078125 0.18671875
0 0.69375 0.67109375 0.05703125 0.1234375
0 0.7265625 0.61640625 0.04375 0.14375
0 0.88828125 0.6375 0.09140625 0.1140625
0 0.92421875 0.74765625 0.1328125 0.1
0 0.91875 0.8859375 0.1625 0.190625
0 0.16484375 0.90078125 0.0984375 0.1984375
0 0.53359375 0.54609375 0.059375 0.08671875
1 0.159375 0.73125 0.0984375 0.1140625
1 0.40546875 0.76875 0.07109375 0.1171875
1 0.5828125 0.6328125 0.07890625 0.06171875
1 0.52109375 0.90390625 0.1015625 0.1921875
2 0.31171875 0.62265625 0.05546875 0.17421875
2 0.4953125 0.6484375 0.05 0.18515625
2 0.61640625 0.57109375 0.0375 0.1171875