0 0.19140625 0.59375 0.0734375 0.19921875
0 0.6328125 0.68828125 0.0796875 0.15703125
0 0.825 0.7328125 0.0828125 0.17578125
0 0.78828125 0.6296875 0.053125 0.09296875
0 0.64296875 0.5953125 0.0484375 0.06796875
0 0.51796875 0.6078125 0.03828125 0.1359375
1 0.41171875 0.58984375 0.040625 0.05546875
1 0.36796875 0.55625 0.0359375 0.09375
1 0.43359375 0.51796875 0.0390625 0.05390625
1 0.4765625 0.553125 0.05 0.05078125
2 0.7734375 0.53828125 0.04375 0.0984375
2 0.55625 0.52890625 0.0390625 0.13125
2 0.5109375 0.4953125 0.034375 0.1484375
2 0.28828125 0.61640625 0.0515625 0.21484375
0 0.45234375 0.67578125 0.05234375 0.20078125