2 0.04609375 0.77578125 0.06328125 0.2578125
2 0.2921875 0.6015625 0.0390625 0.1015625
2 0.49765625 0.65390625 0.03203125 0.17109375
2 0.77890625 0.76328125 0.05703125 0.21484375
2 0.50703125 0.528125 0.04140625 0.05234375
0 0.0984375 0.69140625 0.0390625 0.1453125
0 0.39296875 0.74765625 0.0484375 0.11875
0 0.5171875 0.85546875 0.05 0.16484375
0 0.7359375 0.94453125 0.0671875 0.1109375
0 0.79765625 0.6375 0.0453125 0.08984375
0 0.153125 0.8828125 0.1015625 0.234375
1 0.35703125 0.6125 0.06328125 0.07421875
1 0.3328125 0.6859375 0.1125 0.05390625
1 0.4234375 0.6375 0.0359375 0.07421875
1 0.596875 0.728125 0.07890625 0.08671875
1 0.4484375 0.56328125 0.065625 0.05859375