1 0.38046875 0.553125 0.0625 0.06015625
1 0.43125 0.51796875 0.03984375 0.05390625
1 0.46640625 0.56015625 0.05625 0.06796875
1 0.66640625 0.575 0.046875 0.03828125
0 0.63671875 0.71328125 0.04453125 0.18203125
0 0.2015625 0.62265625 0.05625 0.1375
0 0.45546875 0.66953125 0.0625 0.1515625
0 0.8234375 0.7421875 0.05390625 0.20703125
0 0.79453125 0.63671875 0.0328125 0.06640625
0 0.6421875 0.61484375 0.04375 0.096875
2 0.53203125 0.6234375 0.05546875 0.15703125
2 0.2859375 0.6421875 0.0328125 0.225
2 0.3328125 0.53046875 0.0421875 0.125
2 0.5015625 0.49296875 0.040625 0.103125
2 0.55703125 0.521875 0.04921875 0.1359375
2 0.7796875 0.53515625 0.0375 0.0953125