0 0.82578125 0.7421875 0.0515625 0.196875
0 0.79296875 0.6203125 0.05 0.071875
0 0.634375 0.70625 0.05625 0.18515625
0 0.4484375 0.6640625 0.04765625 0.184375
0 0.19765625 0.61953125 0.0484375 0.1828125
0 0.51640625 0.615625 0.0546875 0.15078125
0 0.64296875 0.60234375 0.0375 0.075
2 0.55390625 0.55703125 0.03203125 0.18203125
2 0.5109375 0.48984375 0.0328125 0.11328125
2 0.3328125 0.53359375 0.0328125 0.1390625
2 0.2875 0.63984375 0.03671875 0.278125
1 0.36875 0.54140625 0.02578125 0.075
1 0.421875 0.5125 0.03125 0.065625
1 0.46328125 0.54375 0.0375 0.0546875
1 0.409375 0.58125 0.02734375 0.059375
2 0.775 0.53671875 0.0328125 0.090625