0 0.1953125 0.6265625 0.05546875 0.21015625
0 0.45546875 0.6578125 0.0546875 0.17421875
0 0.63984375 0.7171875 0.06171875 0.20234375
0 0.83125 0.74140625 0.0609375 0.19296875
0 0.64140625 0.60703125 0.0390625 0.06953125
0 0.79296875 0.64765625 0.0390625 0.09375
0 0.51796875 0.60234375 0.04609375 0.103125
1 0.41171875 0.584375 0.0484375 0.05078125
1 0.46796875 0.553125 0.028125 0.03828125
1 0.434375 0.51640625 0.0359375 0.04140625
1 0.37109375 0.53125 0.0265625 0.03984375
2 0.2890625 0.65859375 0.0625 0.30234375
2 0.325 0.52421875 0.0484375 0.146875
2 0.509375 0.4890625 0.02265625 0.1046875
2 0.55390625 0.51796875 0.021875 0.125
2 0.7703125 0.54765625 0.03984375 0.1078125