2 0.33828125 0.51484375 0.0671875 0.2328125
2 0.2484375 0.475 0.02890625 0.16328125
2 0.4203125 0.41640625 0.059375 0.0984375
2 0.503125 0.4359375 0.028125 0.103125
2 0.68671875 0.43203125 0.02578125 0.08046875
2 0.72421875 0.45078125 0.03828125 0.1359375
0 0.828125 0.54140625 0.0515625 0.11796875
0 0.76875 0.51953125 0.02734375 0.1234375
0 0.51953125 0.55078125 0.03671875 0.15859375
0 0.63671875 0.5078125 0.02109375 0.0953125
0 0.68828125 0.553125 0.04765625 0.12421875
1 0.17109375 0.53671875 0.04765625 0.12890625
1 0.2765625 0.4859375 0.01875 0.07421875
1 0.31640625 0.465625 0.028125 0.03203125
1 0.40703125 0.49609375 0.040625 0.03203125
1 0.38203125 0.51015625 0.03046875 0.0390625
1 0.6046875 0.4875 0.02578125 0.03515625