2 0.76640625 0.7453125 0.06015625 0.21328125
1 0.59296875 0.746875 0.0578125 0.1265625
1 0.428125 0.63046875 0.046875 0.07265625
1 0.3484375 0.59453125 0.040625 0.06328125
1 0.43515625 0.55625 0.02578125 0.04765625
2 0.49765625 0.634375 0.03359375 0.18203125
2 0.05390625 0.78828125 0.07265625 0.29921875
2 0.29140625 0.6046875 0.0328125 0.16640625
0 0.3875 0.75859375 0.0671875 0.18046875
0 0.51640625 0.85078125 0.06953125 0.20234375
0 0.1578125 0.88046875 0.1046875 0.2390625
0 0.1015625 0.67734375 0.0625 0.1171875