2 0.4921875 0.62578125 0.03046875 0.1484375
2 0.31328125 0.61171875 0.0625 0.1375
2 0.61640625 0.5609375 0.025 0.1078125
1 0.165625 0.73125 0.0953125 0.09921875
1 0.51484375 0.8828125 0.12734375 0.16328125
1 0.578125 0.64375 0.0484375 0.09609375
1 0.39453125 0.74140625 0.09375 0.103125
0 0.53125 0.54140625 0.04765625 0.0859375
0 0.625 0.71953125 0.059375 0.096875
0 0.68828125 0.6578125 0.0609375 0.09140625
0 0.734375 0.60390625 0.0578125 0.06171875
0 0.90859375 0.878125 0.1078125 0.24375
0 0.89609375 0.71015625 0.08359375 0.08828125
0 0.89375 0.634375 0.05 0.05
0 0.17890625 0.90625 0.1265625 0.1875