0 0.175 0.69921875 0.0859375 0.26875
0 0.64453125 0.575 0.05859375 0.18359375
0 0.77890625 0.5796875 0.04140625 0.20625
0 0.86640625 0.55859375 0.0671875 0.19140625
0 0.72109375 0.5109375 0.0328125 0.1125
0 0.53984375 0.53515625 0.04140625 0.11015625
2 0.4890625 0.70078125 0.07265625 0.47734375
2 0.33359375 0.459375 0.05078125 0.15078125
2 0.20625 0.52421875 0.05234375 0.21328125
2 0.4625 0.4640625 0.03515625 0.1296875
2 0.63671875 0.45234375 0.03359375 0.0796875
1 0.56796875 0.5015625 0.028125 0.0453125
1 0.409375 0.584375 0.05234375 0.0859375
1 0.36796875 0.53046875 0.0375 0.05
0 0.5640625 0.44921875 0.04609375 0.0671875