2 0.49921875 0.63125 0.02578125 0.1453125
2 0.04140625 0.7703125 0.04921875 0.26484375
2 0.290625 0.60625 0.03515625 0.146875
2 0.76171875 0.74140625 0.04140625 0.20703125
2 0.78515625 0.61171875 0.01640625 0.06015625
0 0.7390625 0.95390625 0.0765625 0.09140625
0 0.153125 0.884375 0.07421875 0.21328125
0 0.3921875 0.75078125 0.05546875 0.11953125
0 0.51484375 0.84453125 0.08359375 0.16640625
0 0.09296875 0.68671875 0.04296875 0.1359375
1 0.34921875 0.615625 0.05625 0.08828125
1 0.31875 0.68828125 0.04765625 0.08515625
1 0.44140625 0.55703125 0.046875 0.0359375
1 0.4296875 0.63203125 0.0328125 0.0484375
1 0.5984375 0.7359375 0.05390625 0.08671875