2 0.2078125 0.5203125 0.05390625 0.17265625
2 0.33046875 0.4703125 0.04453125 0.1328125
2 0.4703125 0.46171875 0.028125 0.07109375
2 0.48671875 0.61640625 0.05390625 0.2515625
2 0.6328125 0.45625 0.034375 0.06015625
0 0.5625 0.45859375 0.03671875 0.08359375
0 0.18515625 0.71328125 0.08828125 0.25
0 0.53671875 0.54375 0.0328125 0.11875
0 0.653125 0.60390625 0.05390625 0.18984375
0 0.725 0.5484375 0.02265625 0.146875
0 0.775 0.5765625 0.05546875 0.153125
1 0.85859375 0.55546875 0.05703125 0.1421875
1 0.36953125 0.5375 0.02890625 0.06015625
1 0.415625 0.584375 0.059375 0.08828125
1 0.56328125 0.5171875 0.040625 0.04296875