1 0.36640625 0.54375 0.04140625 0.07421875
1 0.43203125 0.5140625 0.03125 0.06171875
1 0.47421875 0.5609375 0.03359375 0.04921875
1 0.41328125 0.58203125 0.040625 0.04140625
1 0.66484375 0.5734375 0.01640625 0.028125
2 0.78046875 0.55546875 0.03671875 0.1234375
2 0.29296875 0.6234375 0.046875 0.22421875
2 0.5125 0.49375 0.02421875 0.1203125
2 0.55546875 0.525 0.0265625 0.11484375
0 0.63203125 0.70859375 0.03828125 0.17109375
0 0.64453125 0.60078125 0.03359375 0.09453125
0 0.79296875 0.63671875 0.03828125 0.08671875
0 0.8234375 0.734375 0.03203125 0.15625
0 0.46171875 0.66640625 0.046875 0.14921875
0 0.5140625 0.61328125 0.0296875 0.09296875
2 0.20859375 0.61328125 0.05703125 0.15078125
2 0.33359375 0.55859375 0.0203125 0.1734375