2 0.2953125 0.61328125 0.059375 0.19296875
2 0.33671875 0.5328125 0.0390625 0.13125
2 0.50859375 0.4859375 0.0375 0.08046875
2 0.77109375 0.54765625 0.0265625 0.1078125
2 0.559375 0.528125 0.03125 0.08359375
0 0.20234375 0.603125 0.04140625 0.1359375
0 0.4546875 0.684375 0.0453125 0.19921875
0 0.52421875 0.615625 0.0421875 0.1328125
0 0.63203125 0.7296875 0.03828125 0.17265625
0 0.83359375 0.77578125 0.059375 0.2359375
1 0.79375 0.63046875 0.034375 0.05078125
1 0.43125 0.51640625 0.03984375 0.06953125
1 0.36796875 0.53984375 0.03359375 0.07109375
1 0.46796875 0.56640625 0.0296875 0.07109375
1 0.41484375 0.584375 0.07109375 0.05390625
0 0.63515625 0.59296875 0.0484375 0.04296875