0 0.1703125 0.58203125 0.0640625 0.253125
2 0.3453125 0.56796875 0.0765625 0.32109375
2 0.24609375 0.4828125 0.0375 0.18515625
2 0.42109375 0.4515625 0.025 0.146875
2 0.50703125 0.43046875 0.03828125 0.08671875
2 0.72109375 0.47890625 0.0375 0.16796875
0 0.51015625 0.5453125 0.0609375 0.134375
0 0.684375 0.565625 0.05 0.18046875
0 0.63203125 0.4921875 0.03046875 0.0984375
0 0.81875 0.55390625 0.04609375 0.1484375
0 0.7609375 0.55 0.0375 0.17421875
1 0.3140625 0.45625 0.03359375 0.04765625
1 0.3796875 0.52265625 0.02109375 0.06640625
1 0.4109375 0.4953125 0.0359375 0.03671875
1 0.6046875 0.4921875 0.040625 0.06171875