2 0.33671875 0.57421875 0.0453125 0.3109375
2 0.41875 0.42734375 0.05390625 0.0765625
2 0.51484375 0.42890625 0.06640625 0.05546875
2 0.6921875 0.44765625 0.01484375 0.096875
2 0.5109375 0.54296875 0.03359375 0.15078125
0 0.18046875 0.55390625 0.059375 0.1359375
0 0.64375 0.50078125 0.03203125 0.0859375
0 0.76640625 0.55078125 0.02109375 0.175
0 0.81171875 0.56640625 0.03359375 0.15625
1 0.303125 0.46171875 0.0234375 0.05703125
1 0.27578125 0.49375 0.0203125 0.06640625
1 0.3875 0.52109375 0.03828125 0.0453125
1 0.40390625 0.49375 0.04609375 0.03359375
1 0.61171875 0.49609375 0.0328125 0.03046875
2 0.2546875 0.46875 0.03046875 0.14453125