1 0.36875 0.5359375 0.034375 0.04375
1 0.43203125 0.5125 0.0375 0.05
1 0.46328125 0.5515625 0.04140625 0.028125
1 0.415625 0.596875 0.04296875 0.0515625
1 0.66171875 0.57265625 0.02734375 0.040625
2 0.77421875 0.5421875 0.02578125 0.0984375
2 0.28515625 0.61328125 0.0359375 0.2015625
2 0.33046875 0.53984375 0.0296875 0.14609375
0 0.51171875 0.5015625 0.04140625 0.090625
2 0.553125 0.52421875 0.03203125 0.11953125
0 0.19296875 0.59921875 0.0453125 0.13203125
0 0.45078125 0.6671875 0.0265625 0.17265625
0 0.5296875 0.55390625 0.0109375 0.00390625
0 0.521875 0.6 0.03046875 0.0859375
0 0.64453125 0.7234375 0.053125 0.20234375
0 0.63671875 0.59921875 0.0484375 0.05078125
0 0.79296875 0.62109375 0.04765625 0.06015625
0 0.821875 0.7546875 0.05390625 0.19140625