0 0.19609375 0.63671875 0.0703125 0.2578125
0 0.45078125 0.67734375 0.04375 0.20703125
0 0.6359375 0.7234375 0.06796875 0.246875
0 0.82421875 0.74765625 0.04609375 0.21484375
0 0.8 0.628125 0.04921875 0.1140625
0 0.51328125 0.63671875 0.040625 0.18359375
0 0.6390625 0.60078125 0.03984375 0.08515625
2 0.3328125 0.5625 0.03671875 0.18984375
2 0.2875 0.63515625 0.0453125 0.29453125
2 0.51015625 0.4890625 0.02421875 0.0984375
2 0.55625 0.5359375 0.02890625 0.146875
2 0.775 0.55390625 0.02421875 0.1234375
1 0.40703125 0.58359375 0.03828125 0.05234375
1 0.4703125 0.55546875 0.0484375 0.06796875
1 0.36875 0.5375 0.034375 0.06640625