2 0.2875 0.6453125 0.03828125 0.2421875
2 0.33203125 0.5765625 0.03125 0.20703125
2 0.5140625 0.4984375 0.034375 0.11640625
2 0.5546875 0.52890625 0.03203125 0.13515625
2 0.77421875 0.5453125 0.021875 0.11640625
0 0.1890625 0.65546875 0.07109375 0.22578125
0 0.45234375 0.6859375 0.040625 0.221875
0 0.5203125 0.64453125 0.04375 0.18984375
0 0.63125 0.73359375 0.03515625 0.1875
0 0.81171875 0.7453125 0.04453125 0.19453125
0 0.79140625 0.63828125 0.03515625 0.12421875
0 0.63671875 0.59140625 0.034375 0.06171875
1 0.37734375 0.559375 0.0453125 0.0953125
1 0.44375 0.52578125 0.0390625 0.071875