1 0.1625 0.71953125 0.08828125 0.09375
1 0.39375 0.7421875 0.07890625 0.1203125
1 0.58515625 0.6234375 0.0390625 0.08046875
1 0.52109375 0.896875 0.12734375 0.18203125
0 0.17265625 0.90859375 0.115625 0.18203125
0 0.63359375 0.759375 0.07109375 0.16953125
0 0.68515625 0.6640625 0.03828125 0.11875
0 0.7296875 0.61953125 0.04140625 0.1125
0 0.89296875 0.8765625 0.05703125 0.246875
0 0.9078125 0.71328125 0.08125 0.09296875
0 0.89296875 0.63203125 0.046875 0.08515625
0 0.52578125 0.5484375 0.03828125 0.10625
2 0.4859375 0.6359375 0.04921875 0.20703125
2 0.30703125 0.6109375 0.06171875 0.1421875
2 0.6078125 0.56796875 0.021875 0.1234375