1 0.38671875 0.546875 0.04140625 0.090625
1 0.615625 0.4890625 0.01875 0.05078125
1 0.2765625 0.48984375 0.02734375 0.046875
1 0.3140625 0.46015625 0.025 0.0421875
0 0.1640625 0.56328125 0.04609375 0.19375
0 0.5140625 0.56484375 0.04375 0.18046875
0 0.68046875 0.559375 0.040625 0.15390625
0 0.76875 0.56484375 0.0421875 0.1890625
0 0.82109375 0.57734375 0.05078125 0.20625
2 0.7234375 0.49296875 0.03203125 0.19765625
2 0.69140625 0.4375 0.0234375 0.08984375
2 0.5125 0.42734375 0.04921875 0.096875
2 0.42109375 0.46953125 0.03046875 0.20625
2 0.246875 0.49296875 0.03515625 0.2125