0 0.63203125 0.76796875 0.06328125 0.22109375
0 0.6859375 0.71328125 0.040625 0.20390625
0 0.734375 0.6125 0.04375 0.12734375
0 0.8953125 0.640625 0.06640625 0.04609375
0 0.92109375 0.72734375 0.1 0.0953125
0 0.9015625 0.896875 0.0890625 0.20625
0 0.1890625 0.9109375 0.125 0.178125
0 0.54609375 0.5734375 0.07265625 0.11015625
1 0.159375 0.73359375 0.08984375 0.1015625
1 0.509375 0.8875 0.09453125 0.1828125
2 0.584375 0.6546875 0.05859375 0.07109375
2 0.3296875 0.65703125 0.1109375 0.23671875
2 0.4890625 0.63984375 0.0375 0.18359375
2 0.61796875 0.57734375 0.03359375 0.1203125
2 0.47578125 0.59140625 0.03984375 0.03203125
2 0.3921875 0.7234375 0.00390625 0.05546875
2 0.4515625 0.415625 0.28125 0.278125
1 0.47734375 0.584375 0.0328125 0.05390625
1 0.309375 0.59140625 0.05859375 0.1453125
2 0.18046875 0.934375 0.0375 0.13125
2 0.240625 0.60234375 0.15546875 0.134375
2 0.2640625 0.809375 0.00390625 0.2109375
2 0.3046875 0.6 0.07265625 0.103125
2 0.61328125 0.8625 0.0203125 0.15859375
2 0.5 0.64296875 0.06484375 0.17421875
2 0.46953125 0.640625 0.02109375 0.2265625
2 0.3078125 0.61484375 0.053125 0.14296875
2 0.48984375 0.58515625 0.04375 0.1015625
2 0.571875 0.60390625 0.071875 0.18671875
2 0.3109375 0.584375 0.0546875 0.1546875
2 0.15625 0.7046875 0.0671875 0.10703125
2 0.3203125 0.58359375 0.0875 0.15625
2 0.54609375 0.57109375 0.04375 0.1046875