0 0.17734375 0.58671875 0.06484375 0.21015625
0 0.5171875 0.6265625 0.07578125 0.32734375
0 0.6859375 0.62421875 0.0828125 0.2734375
0 0.815625 0.584375 0.053125 0.18671875
0 0.7625 0.55703125 0.02578125 0.17890625
0 0.6375 0.53671875 0.03046875 0.1296875
2 0.24453125 0.521875 0.03203125 0.265625
2 0.334375 0.60703125 0.04921875 0.31953125
2 0.42109375 0.434375 0.02578125 0.08828125
2 0.51015625 0.4203125 0.0390625 0.08203125
2 0.68671875 0.44765625 0.02421875 0.1078125
2 0.721875 0.4953125 0.02421875 0.17890625
1 0.31484375 0.46328125 0.021875 0.05234375
1 0.2796875 0.509375 0.02421875 0.07421875
1 0.62109375 0.5015625 0.03046875 0.06171875
1 0.41328125 0.48984375 0.0515625 0.04140625
1 0.384375 0.53046875 0.03203125 0.08828125