2 0.2953125 0.59140625 0.02734375 0.1484375
2 0.04140625 0.76171875 0.06171875 0.25390625
2 0.5 0.5296875 0.0328125 0.04453125
2 0.49921875 0.634375 0.04140625 0.11328125
2 0.76640625 0.73515625 0.03828125 0.18125
0 0.38359375 0.7390625 0.03203125 0.1296875
0 0.0953125 0.68359375 0.04765625 0.146875
0 0.15 0.9 0.06328125 0.2
0 0.50390625 0.84921875 0.0671875 0.16796875
0 0.7265625 0.94921875 0.0578125 0.10078125
0 0.78984375 0.6125 0.0359375 0.04375
1 0.59453125 0.7265625 0.06484375 0.08046875
1 0.3546875 0.59140625 0.04296875 0.05078125
1 0.3296875 0.690625 0.0625 0.09296875
1 0.43515625 0.63359375 0.06328125 0.084375
1 0.446875 0.55390625 0.08046875 0.0765625