2 0.7703125 0.740625 0.06875 0.20390625
2 0.5046875 0.53203125 0.03828125 0.08671875
2 0.2953125 0.5921875 0.03671875 0.1375
2 0.04921875 0.76875 0.07265625 0.259375
2 0.5015625 0.625 0.05 0.1453125
1 0.603125 0.74140625 0.08046875 0.09375
1 0.30546875 0.6796875 0.05234375 0.07578125
1 0.42578125 0.63359375 0.0421875 0.06640625
1 0.346875 0.5953125 0.02265625 0.07109375
1 0.4390625 0.55625 0.0359375 0.06953125
0 0.09921875 0.6515625 0.04375 0.0953125
0 0.15 0.88203125 0.084375 0.21796875
0 0.52421875 0.8734375 0.084375 0.21328125