1 0.153125 0.7234375 0.0625 0.1140625
1 0.396875 0.74609375 0.06875 0.06640625
1 0.5109375 0.86875 0.06171875 0.1359375
1 0.5765625 0.64140625 0.04921875 0.096875
0 0.721875 0.61796875 0.04140625 0.121875
0 0.6828125 0.67109375 0.04453125 0.1109375
0 0.615625 0.73125 0.06953125 0.1265625
0 0.9046875 0.69609375 0.059375 0.08359375
0 0.884375 0.83125 0.11640625 0.19296875
2 0.309375 0.64296875 0.06328125 0.2421875
2 0.48671875 0.63125 0.04375 0.17578125
2 0.6171875 0.56015625 0.02109375 0.07734375
0 0.528125 0.571875 0.0296875 0.115625