0 0.625 0.76484375 0.071875 0.20390625
0 0.6890625 0.7109375 0.03828125 0.196875
0 0.73515625 0.6515625 0.0515625 0.1640625
0 0.89140625 0.6203125 0.05078125 0.08359375
0 0.92421875 0.71796875 0.10546875 0.08203125
0 0.92265625 0.890625 0.1515625 0.21875
0 0.5265625 0.546875 0.0375 0.10546875
2 0.30859375 0.640625 0.05078125 0.24453125
2 0.49453125 0.65703125 0.0453125 0.23984375
2 0.61875 0.5671875 0.03359375 0.115625
1 0.57265625 0.6578125 0.05078125 0.1125
1 0.153125 0.73125 0.0796875 0.121875
1 0.39140625 0.76640625 0.07109375 0.128125
1 0.5046875 0.89140625 0.09453125 0.184375