2 0.053125 0.78828125 0.06484375 0.26640625
2 0.29140625 0.59609375 0.03359375 0.1140625
2 0.5046875 0.525 0.04765625 0.0515625
2 0.50703125 0.62890625 0.03359375 0.13203125
2 0.76484375 0.7328125 0.0765625 0.15703125
0 0.10859375 0.690625 0.078125 0.1203125
0 0.396875 0.74609375 0.05234375 0.15625
0 0.51640625 0.84140625 0.07109375 0.1328125
1 0.734375 0.953125 0.0859375 0.09375
1 0.36015625 0.60390625 0.053125 0.059375
1 0.44609375 0.5671875 0.05859375 0.04140625
1 0.60859375 0.75546875 0.08359375 0.13515625
1 0.42578125 0.6421875 0.03671875 0.08046875
1 0.3359375 0.690625 0.09296875 0.06875
0 0.15234375 0.884375 0.1078125 0.18203125