1 0.39609375 0.53203125 0.05 0.08046875
1 0.39609375 0.503125 0.04765625 0.03984375
1 0.2828125 0.4890625 0.025 0.05234375
1 0.6140625 0.48515625 0.0234375 0.03828125
1 0.31171875 0.46015625 0.03125 0.07109375
2 0.25078125 0.453125 0.04140625 0.103125
2 0.50703125 0.4203125 0.03359375 0.08515625
2 0.41640625 0.415625 0.0421875 0.1
2 0.72109375 0.4609375 0.03125 0.146875
0 0.334375 0.51875 0.02890625 0.18203125
0 0.17265625 0.53203125 0.05703125 0.1390625
0 0.51015625 0.55625 0.0453125 0.17109375
0 0.6421875 0.51015625 0.0359375 0.08515625
0 0.7609375 0.5203125 0.03828125 0.1390625
2 0.815625 0.546875 0.0375 0.125
2 0.690625 0.44296875 0.0421875 0.0953125