0 0.1765625 0.70390625 0.0984375 0.24921875
0 0.53671875 0.54609375 0.0484375 0.1171875
0 0.65546875 0.61640625 0.06171875 0.25234375
0 0.778125 0.59140625 0.04375 0.18125
0 0.8640625 0.57265625 0.084375 0.16015625
0 0.7296875 0.54140625 0.03359375 0.1296875
2 0.4890625 0.671875 0.06953125 0.39296875
2 0.19921875 0.54140625 0.04140625 0.20703125
2 0.3390625 0.46796875 0.07265625 0.096875
2 0.4625 0.484375 0.021875 0.1328125
1 0.63515625 0.45859375 0.025 0.07421875
1 0.365625 0.52734375 0.05234375 0.03359375
1 0.40859375 0.58984375 0.05546875 0.05859375
1 0.57578125 0.5140625 0.03203125 0.05234375
0 0.56484375 0.45390625 0.02734375 0.0546875
2 0.33203125 0.4234375 0.034375 0.0234375
2 0.309375 0.43203125 0.03125 0.0703125