0 0.1765625 0.715625 0.07578125 0.26796875
0 0.53515625 0.5796875 0.02890625 0.1796875
0 0.65703125 0.603125 0.0578125 0.19453125
0 0.72421875 0.525 0.02890625 0.0984375
0 0.77890625 0.56171875 0.04375 0.15625
0 0.85546875 0.54140625 0.04765625 0.13359375
2 0.6390625 0.45 0.0390625 0.07421875
2 0.20078125 0.5 0.078125 0.15
2 0.3359375 0.46953125 0.04453125 0.13984375
2 0.46015625 0.4734375 0.0234375 0.12421875
1 0.56796875 0.45 0.03046875 0.06875
1 0.36953125 0.54140625 0.021875 0.09296875
1 0.4125 0.56796875 0.04921875 0.059375
1 0.571875 0.51640625 0.03046875 0.03046875