0 0.171875 0.55703125 0.06796875 0.178125
0 0.5078125 0.55234375 0.0453125 0.1921875
0 0.690625 0.575 0.046875 0.21796875
0 0.81953125 0.54453125 0.0375 0.15390625
0 0.76015625 0.52265625 0.028125 0.1609375
0 0.63671875 0.51328125 0.0265625 0.11953125
2 0.3390625 0.58046875 0.04375 0.3203125
2 0.41484375 0.41640625 0.059375 0.1203125
2 0.50390625 0.42265625 0.0359375 0.0703125
2 0.72265625 0.425 0.0328125 0.07734375
1 0.61328125 0.48984375 0.034375 0.034375
1 0.3828125 0.51875 0.025 0.0578125
1 0.40546875 0.48359375 0.0296875 0.04296875
1 0.30625 0.4515625 0.02578125 0.034375
2 0.2515625 0.4875 0.0453125 0.1953125