2 0.04453125 0.77109375 0.078125 0.25234375
2 0.29453125 0.59140625 0.025 0.1171875
2 0.4953125 0.62109375 0.0296875 0.1109375
2 0.5 0.528125 0.03828125 0.04765625
2 0.7578125 0.75078125 0.05078125 0.228125
0 0.78671875 0.603125 0.0328125 0.05078125
0 0.09453125 0.67109375 0.05078125 0.1140625
0 0.39140625 0.7359375 0.040625 0.1234375
0 0.51484375 0.834375 0.0484375 0.14609375
0 0.73984375 0.95390625 0.06875 0.09140625
1 0.1625 0.884375 0.06796875 0.17421875
1 0.35859375 0.6140625 0.0359375 0.084375
1 0.43828125 0.578125 0.040625 0.0515625
1 0.43359375 0.63203125 0.046875 0.0625
1 0.33046875 0.68046875 0.06953125 0.08984375
1 0.60078125 0.715625 0.05625 0.07109375