0 0.17109375 0.69609375 0.0890625 0.28359375
0 0.65390625 0.584375 0.07265625 0.18984375
0 0.7859375 0.56953125 0.059375 0.16953125
0 0.85703125 0.54140625 0.046875 0.18203125
0 0.72109375 0.51640625 0.03828125 0.140625
0 0.5375 0.54453125 0.028125 0.1203125
1 0.415625 0.58984375 0.06171875 0.07421875
1 0.35859375 0.534375 0.0640625 0.04453125
1 0.575 0.5125 0.04609375 0.06171875
2 0.19765625 0.5125 0.05546875 0.16015625
2 0.334375 0.46171875 0.05390625 0.1265625
2 0.46015625 0.478125 0.03046875 0.1296875
2 0.496875 0.68671875 0.07265625 0.46328125
2 0.63359375 0.45 0.03671875 0.09375
0 0.571875 0.44921875 0.053125 0.06796875