2 0.30546875 0.63203125 0.0453125 0.19921875
2 0.4875 0.6578125 0.04609375 0.2328125
0 0.62109375 0.5703125 0.0421875 0.1125
0 0.63359375 0.7390625 0.05625 0.1546875
0 0.6921875 0.6734375 0.04609375 0.11875
0 0.72265625 0.640625 0.040625 0.1046875
0 0.86875 0.84375 0.0609375 0.19296875
0 0.9015625 0.7234375 0.0984375 0.0984375
0 0.5296875 0.56015625 0.02421875 0.1203125
1 0.39765625 0.746875 0.07265625 0.1390625
1 0.17109375 0.7359375 0.12265625 0.1078125
1 0.50859375 0.88671875 0.11171875 0.19296875
1 0.58515625 0.66171875 0.053125 0.0984375