2 0.2828125 0.60703125 0.04453125 0.184375
2 0.32890625 0.5515625 0.03203125 0.1484375
2 0.50859375 0.50546875 0.01875 0.121875
2 0.52109375 0.5515625 0.00078125 0.01171875
2 0.559375 0.52578125 0.03984375 0.11328125
2 0.77890625 0.5515625 0.02734375 0.121875
2 0.7625 0.5234375 0.0234375 0.08203125
0 0.1953125 0.61875 0.04609375 0.16015625
0 0.4546875 0.684375 0.0484375 0.215625
0 0.51796875 0.63671875 0.04453125 0.140625
0 0.62890625 0.73515625 0.04296875 0.19453125
0 0.64609375 0.6015625 0.04140625 0.05859375
0 0.79375 0.6265625 0.0578125 0.065625
0 0.8234375 0.72890625 0.05 0.13125
1 0.375 0.54609375 0.03984375 0.06640625
1 0.428125 0.50859375 0.03671875 0.0390625
1 0.4734375 0.56171875 0.04375 0.03828125
1 0.41328125 0.5875 0.0546875 0.034375
1 0.65625 0.578125 0.02109375 0.02421875