0 0.196875 0.6125 0.0515625 0.16640625
0 0.45234375 0.6625 0.04765625 0.16953125
0 0.51875 0.6046875 0.0390625 0.1046875
0 0.63203125 0.69921875 0.03203125 0.14921875
0 0.646875 0.621875 0.04921875 0.08203125
0 0.784375 0.621875 0.03515625 0.07578125
0 0.8234375 0.76796875 0.096875 0.21796875
2 0.7671875 0.56171875 0.03359375 0.12265625
2 0.55703125 0.52421875 0.028125 0.11953125
2 0.2890625 0.62421875 0.0453125 0.19453125
2 0.5125 0.484375 0.03671875 0.06953125
1 0.375 0.54453125 0.04375 0.05625
1 0.42890625 0.51796875 0.03203125 0.05546875
1 0.465625 0.55546875 0.02578125 0.04296875
1 0.41796875 0.5859375 0.040625 0.04765625
2 0.33125 0.5515625 0.03515625 0.1703125