2 0.49453125 0.61953125 0.04453125 0.31328125
2 0.20078125 0.51484375 0.05234375 0.14375
2 0.334375 0.4640625 0.03125 0.1375
2 0.46953125 0.43515625 0.028125 0.06796875
2 0.64140625 0.453125 0.0375 0.08203125
0 0.17890625 0.69375 0.09375 0.20546875
0 0.534375 0.53125 0.0296875 0.0953125
0 0.6453125 0.58984375 0.03671875 0.17265625
0 0.7796875 0.571875 0.04609375 0.134375
0 0.85234375 0.55 0.03828125 0.13125
0 0.728125 0.5421875 0.04921875 0.121875
1 0.36875 0.54375 0.0453125 0.03828125
1 0.403125 0.5796875 0.053125 0.07265625
1 0.56640625 0.51328125 0.03046875 0.04140625
0 0.5734375 0.453125 0.04609375 0.06328125