0 0.196875 0.625 0.0546875 0.20703125
0 0.4515625 0.67265625 0.03828125 0.18515625
0 0.63125 0.734375 0.0453125 0.240625
0 0.82734375 0.74921875 0.0546875 0.21484375
0 0.7921875 0.625 0.0296875 0.1078125
0 0.51640625 0.6234375 0.03046875 0.1484375
1 0.46875 0.55859375 0.03125 0.07109375
1 0.415625 0.59921875 0.0359375 0.06328125
1 0.36953125 0.53828125 0.0359375 0.04921875
1 0.42890625 0.50546875 0.02890625 0.03828125
2 0.5609375 0.55390625 0.03359375 0.17578125
2 0.51171875 0.4859375 0.03359375 0.1140625
2 0.771875 0.553125 0.02265625 0.125
2 0.28671875 0.628125 0.04453125 0.21640625
2 0.32578125 0.55078125 0.03359375 0.17578125