0 0.17109375 0.72421875 0.09921875 0.32890625
0 0.8609375 0.565625 0.06875 0.17421875
0 0.78671875 0.59296875 0.05 0.20703125
0 0.64609375 0.6 0.07890625 0.19765625
0 0.7234375 0.54453125 0.04375 0.19453125
2 0.33203125 0.4703125 0.0421875 0.1140625
2 0.48984375 0.62421875 0.04765625 0.32265625
2 0.45859375 0.48359375 0.03203125 0.18046875
2 0.628125 0.44609375 0.034375 0.08984375
0 0.5703125 0.4625 0.0453125 0.08203125
0 0.5328125 0.546875 0.02421875 0.121875
1 0.56953125 0.51796875 0.0265625 0.04765625
1 0.40859375 0.5875 0.05390625 0.07890625
1 0.36796875 0.54609375 0.03984375 0.06171875
2 0.19609375 0.50078125 0.0671875 0.15625