0 0.17421875 0.71328125 0.07109375 0.275
0 0.65703125 0.596875 0.05390625 0.21015625
0 0.778125 0.58203125 0.03828125 0.19453125
0 0.8609375 0.5609375 0.0546875 0.19921875
0 0.72890625 0.53984375 0.03125 0.1359375
0 0.53515625 0.54453125 0.01796875 0.1078125
0 0.5609375 0.4515625 0.0265625 0.08203125
1 0.41015625 0.58125 0.04453125 0.06640625
1 0.3671875 0.53359375 0.0328125 0.05546875
1 0.5765625 0.51875 0.03671875 0.03671875
2 0.48984375 0.69296875 0.0390625 0.46875
2 0.19609375 0.50546875 0.0734375 0.146875
2 0.3265625 0.4859375 0.0421875 0.18828125
2 0.4578125 0.50546875 0.03046875 0.20859375
2 0.63359375 0.45234375 0.0328125 0.0953125