2 0.7609375 0.76640625 0.08125 0.2328125
2 0.50234375 0.64375 0.0390625 0.16953125
2 0.49765625 0.51953125 0.03203125 0.05703125
1 0.43515625 0.57265625 0.0453125 0.06796875
1 0.35234375 0.59609375 0.0453125 0.06640625
1 0.4265625 0.62734375 0.0390625 0.06328125
1 0.309375 0.68125 0.0578125 0.06015625
1 0.5984375 0.73671875 0.06484375 0.08828125
0 0.51328125 0.88046875 0.0671875 0.2390625
0 0.3921875 0.76171875 0.05390625 0.15859375
0 0.096875 0.66640625 0.0578125 0.0953125
0 0.1640625 0.8609375 0.109375 0.19453125
2 0.04375 0.7703125 0.0703125 0.28984375
2 0.2875 0.57890625 0.03984375 0.1046875
0 0.7828125 0.60625 0.03828125 0.08359375