1 0.15078125 0.696875 0.06328125 0.13125
0 0.628125 0.74453125 0.034375 0.146875
0 0.68125 0.66953125 0.03203125 0.1515625
0 0.7234375 0.61015625 0.03984375 0.1125
0 0.52890625 0.54921875 0.02265625 0.1109375
1 0.57265625 0.63359375 0.040625 0.06640625
1 0.384375 0.73671875 0.0546875 0.07578125
2 0.30625 0.62109375 0.06484375 0.17734375
2 0.4859375 0.64140625 0.03359375 0.18984375
2 0.6140625 0.55859375 0.02890625 0.1171875
1 0.50859375 0.87734375 0.09921875 0.14375
0 0.9015625 0.8625 0.115625 0.23125