2 0.35234375 0.5171875 0.0515625 0.08515625
2 0.4375 0.49921875 0.040625 0.06171875
0 0.4921875 0.48671875 0.0484375 0.1171875
2 0.54609375 0.50546875 0.05 0.07421875
2 0.409375 0.5296875 0.05390625 0.084375
2 0.3875 0.49921875 0.0484375 0.071875
0 0.66953125 0.4796875 0.04765625 0.11484375
0 0.603125 0.47734375 0.04609375 0.1
2 0.57890625 0.540625 0.059375 0.084375
2 0.64921875 0.5484375 0.0578125 0.07578125
2 0.71953125 0.52109375 0.05390625 0.08984375
2 0.7734375 0.52421875 0.05625 0.0875
2 0.46796875 0.53046875 0.05859375 0.0921875
2 0.66015625 0.51953125 0.0484375 0.06484375
2 0.46796875 0.49375 0.0453125 0.05234375
2 0.60703125 0.5171875 0.05234375 0.07109375