2 0.35390625 0.52265625 0.0375 0.0671875
2 0.3921875 0.5 0.0328125 0.059375
2 0.40703125 0.53359375 0.04296875 0.0734375
2 0.43671875 0.5203125 0.02734375 0.0828125
2 0.4671875 0.53984375 0.046875 0.10234375
2 0.4734375 0.4953125 0.02578125 0.05703125
2 0.49609375 0.525 0.03359375 0.0921875
2 0.54453125 0.5078125 0.04140625 0.06875
2 0.578125 0.53671875 0.0421875 0.0734375
2 0.603125 0.5265625 0.040625 0.0859375
2 0.60546875 0.49375 0.034375 0.04453125
2 0.64921875 0.55390625 0.04765625 0.08125
2 0.66328125 0.51953125 0.0359375 0.0578125
2 0.66875 0.49921875 0.03125 0.05390625
2 0.71875 0.49921875 0.04296875 0.04140625
2 0.71484375 0.52890625 0.05390625 0.06953125
2 0.77109375 0.528125 0.046875 0.07265625