2 0.3484375 0.509375 0.04375 0.0703125
2 0.4375 0.49921875 0.040625 0.06171875
2 0.49140625 0.5078125 0.05 0.07578125
2 0.54609375 0.50546875 0.05 0.07421875
2 0.409375 0.5296875 0.05390625 0.084375
2 0.3875 0.49921875 0.0484375 0.071875
2 0.66875 0.503125 0.04921875 0.06796875
2 0.6046875 0.51640625 0.04921875 0.0765625
2 0.5734375 0.5390625 0.059375 0.084375
2 0.64921875 0.54921875 0.0578125 0.07578125
2 0.72109375 0.528125 0.05703125 0.08359375
2 0.3484375 0.48828125 0.04296875 0.05859375
2 0.76875 0.53984375 0.05859375 0.0953125