2 0.54765625 0.50703125 0.03515625 0.0671875
2 0.60703125 0.51328125 0.0421875 0.05859375
2 0.65 0.54765625 0.0453125 0.0578125
2 0.71875 0.5265625 0.03671875 0.08046875
2 0.7703125 0.534375 0.05703125 0.07421875
2 0.4921875 0.5234375 0.04296875 0.0875
2 0.4359375 0.50546875 0.0328125 0.06484375
2 0.4078125 0.53359375 0.040625 0.078125
2 0.66484375 0.50546875 0.02578125 0.059375
2 0.38046875 0.515625 0.03515625 0.06953125
2 0.35625 0.4328125 0.00234375 0.003125
2 0.3421875 0.51796875 0.04296875 0.06171875
2 0.5734375 0.5359375 0.04765625 0.0671875
2 0.60859375 0.48671875 0.025 0.0375
2 0.47109375 0.55078125 0.034375 0.09375
0 0.46328125 0.4734375 0.03359375 0.08359375