2 0.54765625 0.50703125 0.03515625 0.0671875
2 0.60703125 0.51328125 0.0421875 0.05859375
2 0.65 0.54765625 0.0453125 0.0578125
2 0.71875 0.5265625 0.03671875 0.08046875
2 0.77109375 0.5296875 0.046875 0.08359375
2 0.43515625 0.5078125 0.03125 0.0609375
2 0.4078125 0.53359375 0.040625 0.078125
0 0.659375 0.48359375 0.0359375 0.10234375
2 0.3859375 0.5046875 0.034375 0.0625
2 0.35625 0.4328125 0.00234375 0.003125
2 0.35234375 0.51953125 0.04296875 0.06171875
2 0.5734375 0.5359375 0.04765625 0.0671875
0 0.6015625 0.46875 0.03828125 0.0734375
2 0.47109375 0.55078125 0.034375 0.09375
2 0.715625 0.50078125 0.0359375 0.0484375
2 0.47109375 0.49609375 0.01875 0.046875
2 0.49140625 0.52421875 0.0359375 0.11328125