2 0.54765625 0.50703125 0.03515625 0.0671875
2 0.60703125 0.51328125 0.0421875 0.05859375
2 0.65 0.54765625 0.0453125 0.0578125
2 0.71875 0.5265625 0.03671875 0.08046875
2 0.7734375 0.52734375 0.05078125 0.08828125
2 0.4921875 0.5234375 0.04296875 0.0875
2 0.43515625 0.5078125 0.03125 0.0609375
2 0.4078125 0.53359375 0.040625 0.078125
2 0.66484375 0.50546875 0.02578125 0.059375
2 0.3859375 0.5046875 0.034375 0.0625
2 0.35625 0.4328125 0.00234375 0.003125
2 0.35234375 0.51953125 0.04296875 0.06171875
2 0.5734375 0.5359375 0.04765625 0.0671875
2 0.60859375 0.48671875 0.025 0.0375
2 0.47109375 0.55078125 0.034375 0.09375
2 0.471875 0.4890625 0.01796875 0.04296875
2 0.715625 0.49375 0.0375 0.0609375