2 0.35546875 0.52109375 0.04296875 0.06484375
2 0.3828125 0.5078125 0.02890625 0.06484375
2 0.4359375 0.5109375 0.028125 0.06328125
2 0.49453125 0.5171875 0.03046875 0.071875
2 0.54375 0.5078125 0.040625 0.065625
2 0.57265625 0.53828125 0.04921875 0.07734375
2 0.6078125 0.528125 0.03515625 0.08515625
2 0.6734375 0.5046875 0.0296875 0.06875
2 0.71328125 0.52578125 0.04921875 0.078125
2 0.72109375 0.50234375 0.034375 0.04140625
2 0.7703125 0.53046875 0.04609375 0.0671875
2 0.40625 0.53359375 0.03984375 0.075
2 0.465625 0.53515625 0.04921875 0.103125
2 0.60546875 0.4921875 0.02421875 0.046875
2 0.64921875 0.5578125 0.05 0.08515625
2 0.65703125 0.52109375 0.05078125 0.06171875