2 0.38515625 0.503125 0.0328125 0.07265625
2 0.43515625 0.51015625 0.04765625 0.07890625
2 0.49140625 0.5140625 0.046875 0.08984375
2 0.54453125 0.5046875 0.040625 0.0828125
2 0.60234375 0.496875 0.04296875 0.06953125
2 0.6703125 0.50625 0.04765625 0.08046875
2 0.34609375 0.51328125 0.040625 0.07734375
2 0.77265625 0.52578125 0.04765625 0.06875
2 0.72109375 0.51328125 0.05 0.07734375
2 0.71796875 0.5328125 0.04296875 0.0921875
2 0.40703125 0.53828125 0.0578125 0.08203125
2 0.603125 0.5234375 0.04453125 0.09375
2 0.578125 0.55 0.0484375 0.096875
2 0.6578125 0.52734375 0.04921875 0.0703125
2 0.64765625 0.55859375 0.05078125 0.0796875
0 0.4640625 0.48046875 0.040625 0.0984375
2 0.46796875 0.53828125 0.05546875 0.10859375