2 0.228125 0.703125 0.07734375 0.22890625
2 0.0484375 0.615625 0.0640625 0.15078125
2 0.15390625 0.5828125 0.05 0.13359375
2 0.22578125 0.54296875 0.0421875 0.08515625
2 0.28359375 0.5484375 0.0375 0.078125
2 0.33125 0.55078125 0.02265625 0.07890625
2 0.42734375 0.56640625 0.05625 0.10859375
2 0.55234375 0.55625 0.0359375 0.096875
2 0.840625 0.59296875 0.0359375 0.1140625
2 0.7046875 0.6703125 0.06171875 0.1640625
2 0.5953125 0.6640625 0.07265625 0.12109375
2 0.53046875 0.59453125 0.03984375 0.0734375
2 0.49609375 0.6390625 0.0796875 0.15390625
2 0.9609375 0.78828125 0.078125 0.23046875
2 0.70546875 0.7921875 0.0984375 0.2625
2 0.3515625 0.60234375 0.0703125 0.153125