2 0.41640625 0.55625 0.06796875 0.103125
2 0.153125 0.56875 0.07109375 0.12109375
2 0.0453125 0.59453125 0.06796875 0.12734375
2 0.696875 0.7640625 0.12734375 0.21640625
2 0.33125 0.5453125 0.040625 0.06953125
2 0.22578125 0.53671875 0.06015625 0.09140625
2 0.5890625 0.66171875 0.09296875 0.1578125
2 0.2828125 0.54609375 0.053125 0.0890625
2 0.2234375 0.6765625 0.10078125 0.1953125
2 0.5515625 0.55078125 0.0671875 0.09921875
2 0.68984375 0.65234375 0.09296875 0.18046875
2 0.49609375 0.63125 0.0875 0.159375
2 0.353125 0.58359375 0.07421875 0.1203125
2 0.8234375 0.58671875 0.0796875 0.128125
2 0.95078125 0.77109375 0.0984375 0.2046875