2 0.228125 0.703125 0.07734375 0.22890625
2 0.0484375 0.615625 0.0640625 0.15078125
2 0.15390625 0.5828125 0.05 0.13359375
2 0.22578125 0.54296875 0.0421875 0.08515625
2 0.28359375 0.5484375 0.0375 0.078125
2 0.33125 0.55078125 0.02265625 0.07890625
0 0.43359375 0.52421875 0.04375 0.19375
2 0.55234375 0.55625 0.0359375 0.096875
0 0.69609375 0.60703125 0.07890625 0.28984375
0 0.5953125 0.5875 0.090625 0.27421875
2 0.53046875 0.59453125 0.03984375 0.0734375
2 0.9578125 0.7890625 0.08359375 0.23046875
2 0.70078125 0.78515625 0.09921875 0.2765625
2 0.3484375 0.60234375 0.06796875 0.153125
1 0.8265625 0.59296875 0.07109375 0.1328125
2 0.48984375 0.63828125 0.0546875 0.15625
2 0.54921875 0.596875 0.00078125 0.00546875