2 0.3421875 0.54921875 0.06015625 0.0796875
2 0.34609375 0.57734375 0.08203125 0.153125
2 0.41875 0.56015625 0.07578125 0.1203125
2 0.28359375 0.54921875 0.0546875 0.09140625
2 0.22421875 0.540625 0.05625 0.10625
2 0.153125 0.57421875 0.0640625 0.12109375
2 0.0453125 0.59609375 0.07734375 0.14921875
2 0.221875 0.68125 0.09140625 0.1921875
2 0.54765625 0.5578125 0.06328125 0.12265625
2 0.828125 0.58984375 0.09140625 0.15546875
2 0.48984375 0.63515625 0.103125 0.16796875
0 0.58515625 0.6015625 0.09375 0.29609375
0 0.6890625 0.6109375 0.10703125 0.2828125
2 0.69375 0.7640625 0.11875 0.240625
2 0.95078125 0.75546875 0.0984375 0.2765625