2 0.41640625 0.55625 0.06796875 0.103125
2 0.153125 0.56875 0.07109375 0.12109375
2 0.0453125 0.59453125 0.06796875 0.12734375
2 0.7 0.75859375 0.121875 0.2203125
2 0.33125 0.5453125 0.040625 0.06953125
2 0.22421875 0.53671875 0.06328125 0.09140625
2 0.58515625 0.653125 0.10078125 0.1609375
2 0.2828125 0.54765625 0.053125 0.0890625
2 0.2234375 0.6765625 0.10078125 0.1953125
2 0.5515625 0.55078125 0.0671875 0.09921875
2 0.68359375 0.63984375 0.09765625 0.1375
2 0.49765625 0.63046875 0.08515625 0.16171875
2 0.35390625 0.5796875 0.07265625 0.1296875
2 0.821875 0.58515625 0.08359375 0.13359375
2 0.95 0.76875 0.1 0.18125