2 0.04609375 0.60234375 0.06640625 0.1203125
2 0.6953125 0.76171875 0.109375 0.221875
2 0.41953125 0.565625 0.0609375 0.11171875
2 0.58671875 0.66640625 0.0859375 0.153125
2 0.28203125 0.54921875 0.04765625 0.0859375
2 0.82265625 0.5828125 0.07421875 0.1078125
2 0.15390625 0.57734375 0.0609375 0.12578125
2 0.49609375 0.64921875 0.084375 0.17890625
2 0.22421875 0.540625 0.05078125 0.084375
2 0.3515625 0.58125 0.0671875 0.1078125
2 0.2203125 0.671875 0.08984375 0.184375
2 0.33203125 0.54296875 0.028125 0.0703125
2 0.9515625 0.77421875 0.09609375 0.20703125
2 0.69765625 0.6484375 0.0921875 0.1828125
2 0.553125 0.546875 0.0515625 0.0875
2 0.5328125 0.5921875 0.0484375 0.0625