2 0.0453125 0.59765625 0.06875 0.13125
1 0.7 0.75703125 0.1125 0.21640625
2 0.428125 0.5609375 0.0609375 0.11171875
2 0.5875 0.65703125 0.0859375 0.153125
2 0.28203125 0.54921875 0.04765625 0.0859375
2 0.8296875 0.5828125 0.07421875 0.1078125
2 0.15390625 0.57734375 0.0609375 0.12578125
1 0.4921875 0.62265625 0.10703125 0.19296875
2 0.22421875 0.540625 0.05078125 0.084375
1 0.35078125 0.54765625 0.0703125 0.16953125
2 0.2203125 0.671875 0.08984375 0.184375
2 0.3375 0.54296875 0.02578125 0.04375
2 0.9515625 0.77421875 0.09609375 0.20703125
2 0.7 0.63671875 0.08203125 0.15078125
2 0.553125 0.546875 0.0515625 0.0875
2 0.53125 0.590625 0.0453125 0.065625