2 0.3421875 0.54921875 0.06015625 0.0796875
2 0.3515625 0.59140625 0.07109375 0.125
2 0.41875 0.56015625 0.07578125 0.1203125
2 0.28359375 0.54921875 0.0546875 0.09140625
2 0.22421875 0.540625 0.05625 0.10625
2 0.153125 0.57421875 0.0640625 0.12109375
2 0.0453125 0.59609375 0.07734375 0.14921875
2 0.221875 0.68125 0.09140625 0.1921875
2 0.54765625 0.5578125 0.06328125 0.12265625
0 0.83125 0.55390625 0.084375 0.22734375
2 0.49609375 0.63828125 0.09140625 0.16171875
2 0.58515625 0.6625 0.09375 0.1734375
0 0.69296875 0.6 0.09921875 0.30390625
2 0.69375 0.77578125 0.11875 0.2171875
0 0.95078125 0.69609375 0.0984375 0.3953125