2 0.0453125 0.59765625 0.06875 0.13125
0 0.70625 0.690625 0.09921875 0.3484375
2 0.428125 0.565625 0.0609375 0.11171875
2 0.5875 0.65703125 0.0859375 0.153125
2 0.28203125 0.54921875 0.04765625 0.0859375
2 0.82265625 0.5828125 0.07421875 0.1078125
2 0.15390625 0.57734375 0.0609375 0.12578125
0 0.50390625 0.58515625 0.08203125 0.26953125
2 0.22421875 0.540625 0.05078125 0.084375
0 0.35 0.55546875 0.071875 0.1546875
2 0.2203125 0.671875 0.08984375 0.184375
2 0.334375 0.54296875 0.03203125 0.0703125
2 0.9515625 0.77421875 0.09609375 0.20703125
2 0.68828125 0.6609375 0.08359375 0.1890625
2 0.553125 0.546875 0.0515625 0.0875
2 0.53125 0.590625 0.0453125 0.065625