2 0.04296875 0.59921875 0.071875 0.128125
2 0.6953125 0.76171875 0.109375 0.221875
2 0.42265625 0.565625 0.0609375 0.11171875
2 0.58671875 0.66640625 0.0859375 0.153125
2 0.28203125 0.54921875 0.04765625 0.0859375
0 0.8296875 0.5546875 0.06640625 0.17734375
2 0.15390625 0.57734375 0.0609375 0.12578125
2 0.49609375 0.64921875 0.084375 0.17890625
2 0.221875 0.5390625 0.0546875 0.0875
2 0.3515625 0.58125 0.0671875 0.1078125
2 0.2203125 0.671875 0.08984375 0.184375
2 0.33203125 0.54296875 0.028125 0.0703125
2 0.94921875 0.75859375 0.1015625 0.21171875
1 0.6875 0.63359375 0.1015625 0.2125
2 0.553125 0.546875 0.0515625 0.0875
2 0.5328125 0.5921875 0.0484375 0.0625