2 0.41640625 0.55625 0.06796875 0.103125
2 0.153125 0.56875 0.07109375 0.12109375
2 0.0453125 0.59453125 0.06796875 0.12734375
0 0.703125 0.68984375 0.121875 0.3671875
2 0.33125 0.5453125 0.040625 0.06953125
2 0.22578125 0.53671875 0.06015625 0.09140625
2 0.58515625 0.65859375 0.10078125 0.15
2 0.2828125 0.54765625 0.053125 0.0890625
2 0.2234375 0.6765625 0.10078125 0.1953125
2 0.5515625 0.55078125 0.0671875 0.09921875
2 0.68828125 0.634375 0.10703125 0.1484375
0 0.49453125 0.57890625 0.090625 0.265625
0 0.35234375 0.540625 0.07578125 0.20625
2 0.821875 0.58515625 0.08359375 0.13359375
2 0.95 0.7484375 0.1 0.221875