0 0.04765625 0.58671875 0.0953125 0.26484375
2 0.02109375 0.58828125 0.0421875 0.1265625
0 0.1453125 0.62265625 0.08125 0.29453125
2 0.13671875 0.58515625 0.06484375 0.10390625
2 0.17265625 0.56328125 0.046875 0.09453125
2 0.246875 0.69765625 0.084375 0.203125
2 0.29453125 0.55859375 0.053125 0.08828125
2 0.28359375 0.625 0.07421875 0.15859375
2 0.3578125 0.5796875 0.06953125 0.10703125
2 0.35 0.5546875 0.05703125 0.07109375
2 0.421875 0.73828125 0.1328125 0.21640625
2 0.50078125 0.62734375 0.0890625 0.1546875
2 0.55546875 0.56953125 0.065625 0.0921875
2 0.69140625 0.75078125 0.13046875 0.22421875
0 0.70859375 0.59296875 0.084375 0.275
0 0.7015625 0.515625 0.06484375 0.16015625
2 0.80859375 0.60859375 0.0703125 0.134375