2 0.0484375 0.65078125 0.096875 0.14609375
1 0.02109375 0.58828125 0.0421875 0.1265625
2 0.14140625 0.67734375 0.08671875 0.209375
2 0.14453125 0.5796875 0.0484375 0.09296875
0 0.165625 0.5203125 0.06484375 0.1421875
2 0.246875 0.69765625 0.084375 0.203125
2 0.29453125 0.55859375 0.053125 0.08828125
2 0.2875 0.62890625 0.06640625 0.15078125
2 0.34921875 0.5796875 0.05 0.10703125
2 0.34765625 0.5484375 0.05703125 0.07109375
2 0.41953125 0.725 0.128125 0.19609375
2 0.50078125 0.63046875 0.08828125 0.1484375
2 0.55546875 0.56953125 0.065625 0.0921875
2 0.69140625 0.75078125 0.13046875 0.22421875
2 0.70234375 0.65078125 0.1015625 0.159375
0 0.71015625 0.5109375 0.04609375 0.17578125
2 0.80859375 0.60859375 0.0703125 0.134375