2 0.36015625 0.54921875 0.0671875 0.11328125
2 0.028125 0.584375 0.05546875 0.128125
2 0.42421875 0.72890625 0.125 0.1921875
2 0.5578125 0.56640625 0.0671875 0.11875
2 0.48984375 0.63515625 0.103125 0.16796875
2 0.3546875 0.5890625 0.075 0.12734375
2 0.2890625 0.5671875 0.06171875 0.1109375
2 0.17265625 0.56484375 0.0578125 0.11484375
2 0.1390625 0.59609375 0.07421875 0.1296875
2 0.04921875 0.646875 0.09375 0.15390625
2 0.13984375 0.65546875 0.096875 0.19140625
2 0.69765625 0.55625 0.06484375 0.103125
2 0.8078125 0.6125 0.08125 0.16171875
2 0.6953125 0.65703125 0.11484375 0.1875
2 0.690625 0.76875 0.146875 0.2296875
2 0.28125 0.63359375 0.09453125 0.18203125
2 0.24609375 0.7109375 0.09765625 0.2203125