2 0.36015625 0.553125 0.0671875 0.10625
2 0.028125 0.584375 0.05546875 0.128125
2 0.42421875 0.72890625 0.125 0.1921875
2 0.55546875 0.57109375 0.071875 0.109375
2 0.48984375 0.63515625 0.103125 0.16796875
2 0.35234375 0.5859375 0.0703125 0.1328125
2 0.2859375 0.56484375 0.06796875 0.115625
2 0.17265625 0.56484375 0.0578125 0.11484375
2 0.1390625 0.59609375 0.07421875 0.1296875
0 0.04921875 0.5890625 0.09375 0.26875
0 0.1359375 0.6140625 0.10390625 0.2734375
0 0.69765625 0.509375 0.06484375 0.19765625
2 0.8109375 0.6140625 0.09609375 0.159375
0 0.7 0.615625 0.1 0.290625
2 0.690625 0.76875 0.146875 0.2296875
2 0.278125 0.63359375 0.08828125 0.1828125
2 0.24609375 0.7109375 0.09765625 0.2203125