2 0.05234375 0.646875 0.0875 0.15078125
2 0.01875 0.5890625 0.0375 0.121875
2 0.14375 0.6703125 0.08984375 0.2109375
2 0.13515625 0.58671875 0.0625 0.10703125
2 0.17265625 0.56328125 0.046875 0.09453125
2 0.2484375 0.6984375 0.0859375 0.2046875
2 0.2859375 0.6171875 0.0609375 0.13515625
2 0.29609375 0.56796875 0.040625 0.10546875
2 0.3546875 0.57890625 0.06796875 0.11171875
2 0.3546875 0.53828125 0.0609375 0.08515625
2 0.42265625 0.72109375 0.109375 0.19453125
2 0.50078125 0.62734375 0.0890625 0.1546875
2 0.55625 0.56640625 0.0640625 0.0953125
2 0.68828125 0.75234375 0.12734375 0.22421875
2 0.6984375 0.653125 0.1046875 0.1546875
2 0.70546875 0.55703125 0.0640625 0.08984375
2 0.8078125 0.61015625 0.06953125 0.13125