0 0.4203125 0.65859375 0.1015625 0.3171875
2 0.50078125 0.6296875 0.0859375 0.1328125
0 0.70546875 0.51796875 0.05546875 0.16953125
2 0.81015625 0.60625 0.0640625 0.11640625
2 0.70234375 0.753125 0.0828125 0.19375
2 0.5578125 0.57421875 0.0515625 0.109375
2 0.02109375 0.5734375 0.034375 0.09765625
0 0.04609375 0.58828125 0.08515625 0.26015625
0 0.13515625 0.61015625 0.0828125 0.2734375
2 0.246875 0.6859375 0.07578125 0.16171875
2 0.178125 0.571875 0.03828125 0.109375
2 0.1328125 0.57109375 0.02578125 0.08125
1 0.35859375 0.58515625 0.04921875 0.10859375
2 0.36015625 0.53125 0.03671875 0.06484375
2 0.29453125 0.55703125 0.04921875 0.0796875
2 0.30078125 0.6265625 0.04140625 0.15078125
0 0.70078125 0.5546875 0.07421875 0.178125