2 0.69375 0.75234375 0.140625 0.23203125
2 0.55625 0.56015625 0.0671875 0.10078125
2 0.70078125 0.6421875 0.10390625 0.15078125
2 0.49921875 0.6296875 0.096875 0.16171875
2 0.809375 0.6109375 0.08984375 0.13984375
2 0.7 0.56015625 0.0640625 0.096875
2 0.41796875 0.7375 0.140625 0.228125
2 0.353125 0.54765625 0.06015625 0.09375
2 0.28984375 0.5640625 0.07109375 0.1203125
2 0.36015625 0.5859375 0.08125 0.128125
2 0.28515625 0.609375 0.0859375 0.14609375
2 0.24921875 0.675 0.09453125 0.1578125
0 0.13984375 0.6296875 0.1046875 0.22578125
2 0.17109375 0.56640625 0.06015625 0.11484375
2 0.13515625 0.5921875 0.078125 0.13203125
2 0.05078125 0.646875 0.0921875 0.1609375
2 0.03046875 0.58515625 0.05625 0.12265625