2 0.69453125 0.74609375 0.140625 0.21796875
2 0.55546875 0.5609375 0.0671875 0.09921875
2 0.70078125 0.6421875 0.10390625 0.15078125
2 0.49921875 0.6296875 0.096875 0.16171875
2 0.809375 0.6109375 0.08984375 0.13984375
2 0.7 0.56015625 0.0640625 0.096875
2 0.42578125 0.725 0.12578125 0.2125
2 0.35546875 0.54140625 0.07109375 0.09765625
2 0.28984375 0.5640625 0.07109375 0.1203125
2 0.36015625 0.5859375 0.08046875 0.128125
2 0.27890625 0.61953125 0.0765625 0.14375
2 0.24921875 0.675 0.09453125 0.1578125
2 0.14453125 0.6515625 0.09453125 0.18125
2 0.17109375 0.56640625 0.06015625 0.11484375
2 0.13515625 0.5921875 0.078125 0.13203125
2 0.05078125 0.646875 0.0921875 0.1609375
2 0.03046875 0.58515625 0.05625 0.12265625