2 0.05234375 0.646875 0.0875 0.15078125
2 0.01875 0.5890625 0.0375 0.121875
2 0.1421875 0.66796875 0.08671875 0.20390625
2 0.13671875 0.58515625 0.06484375 0.10390625
2 0.17265625 0.56328125 0.046875 0.09453125
2 0.246875 0.69765625 0.084375 0.203125
2 0.29453125 0.55859375 0.053125 0.08828125
2 0.28359375 0.625 0.07421875 0.15859375
2 0.3578125 0.5796875 0.06953125 0.10703125
2 0.35 0.5546875 0.05703125 0.07109375
2 0.421875 0.73828125 0.1328125 0.21640625
2 0.50078125 0.62734375 0.0890625 0.1546875
2 0.55546875 0.56953125 0.065625 0.0921875
2 0.69140625 0.75078125 0.13046875 0.22421875
2 0.6984375 0.653125 0.1046875 0.1546875
2 0.70234375 0.5578125 0.0609375 0.07578125
2 0.80859375 0.60859375 0.0703125 0.134375