2 0.36015625 0.553125 0.0671875 0.10625
2 0.028125 0.584375 0.05546875 0.128125
2 0.4140625 0.734375 0.14375 0.23828125
2 0.55546875 0.57109375 0.071875 0.109375
2 0.48984375 0.63515625 0.103125 0.16796875
2 0.35234375 0.5859375 0.0703125 0.1328125
2 0.2859375 0.56484375 0.06796875 0.115625
2 0.1609375 0.56015625 0.0828125 0.1234375
2 0.1390625 0.59609375 0.07421875 0.1296875
2 0.05234375 0.6390625 0.08828125 0.16953125
2 0.12734375 0.659375 0.121875 0.1828125
2 0.69765625 0.55703125 0.06484375 0.1015625
2 0.8109375 0.6140625 0.09609375 0.159375
2 0.7 0.66328125 0.1 0.196875
2 0.690625 0.76875 0.146875 0.2296875
2 0.278125 0.63359375 0.08828125 0.1828125
2 0.24609375 0.7109375 0.09765625 0.2203125