2 0.340625 0.49453125 0.03828125 0.05625
2 0.384375 0.49453125 0.0390625 0.05859375
2 0.43515625 0.51015625 0.04765625 0.07890625
2 0.49140625 0.51484375 0.046875 0.0890625
2 0.5421875 0.509375 0.03671875 0.07421875
2 0.60625 0.521875 0.04765625 0.0875
2 0.6703125 0.5078125 0.04765625 0.0765625
2 0.34609375 0.51171875 0.0390625 0.0765625
2 0.3828125 0.51796875 0.04375 0.07578125
2 0.41171875 0.5375 0.04921875 0.0796875
2 0.56796875 0.5390625 0.0609375 0.103125
2 0.646875 0.54296875 0.0671875 0.1125
2 0.7703125 0.51875 0.05546875 0.0828125
2 0.76796875 0.553125 0.06328125 0.11328125
2 0.8328125 0.5578125 0.06796875 0.1078125
2 0.72109375 0.509375 0.05 0.0859375
2 0.71796875 0.5328125 0.04296875 0.0921875