2 0.82890625 0.5546875 0.06484375 0.09453125
2 0.3421875 0.490625 0.040625 0.0546875
2 0.38828125 0.4921875 0.03125 0.05078125
2 0.4375 0.49921875 0.040625 0.06171875
2 0.4921875 0.51328125 0.0484375 0.08984375
2 0.5453125 0.51171875 0.05 0.0828125
2 0.41171875 0.5359375 0.05625 0.08671875
2 0.38359375 0.51875 0.04296875 0.06796875
0 0.66171875 0.48828125 0.053125 0.121875
2 0.6046875 0.51640625 0.04921875 0.0765625
2 0.56953125 0.53515625 0.06484375 0.08984375
2 0.64765625 0.540625 0.06875 0.103125
0 0.7296875 0.47265625 0.0421875 0.1203125
2 0.72109375 0.528125 0.05703125 0.08359375
2 0.35078125 0.5125 0.04453125 0.07578125
2 0.77109375 0.54765625 0.05859375 0.0953125
0 0.778125 0.496875 0.0515625 0.12109375