2 0.3484375 0.5109375 0.04375 0.06484375
2 0.33984375 0.48671875 0.02734375 0.0296875
2 0.384375 0.51328125 0.0390625 0.05390625
2 0.39453125 0.49296875 0.021875 0.046875
2 0.4125 0.53203125 0.04609375 0.075
2 0.43828125 0.51796875 0.03203125 0.09296875
2 0.49296875 0.515625 0.03828125 0.0828125
2 0.54140625 0.5078125 0.03671875 0.065625
2 0.571875 0.5359375 0.046875 0.0828125
2 0.60703125 0.521875 0.0453125 0.0796875
2 0.65 0.54296875 0.04296875 0.1
2 0.671875 0.5109375 0.03046875 0.0734375
2 0.7171875 0.52578125 0.04140625 0.078125
1 0.73671875 0.5 0.021875 0.04609375
0 0.77734375 0.5015625 0.04453125 0.10546875
2 0.76484375 0.55078125 0.05390625 0.0953125
2 0.82890625 0.55859375 0.05859375 0.08671875