2 0.83359375 0.55390625 0.03828125 0.08203125
2 0.771875 0.55 0.03984375 0.07578125
2 0.7765625 0.5046875 0.028125 0.0375
2 0.7265625 0.5 0.02421875 0.040625
2 0.71875 0.53359375 0.03984375 0.06953125
2 0.6734375 0.5078125 0.03203125 0.0703125
2 0.65234375 0.54296875 0.03828125 0.09140625
2 0.609375 0.5171875 0.03359375 0.07265625
2 0.5375 0.5109375 0.0265625 0.05625
2 0.571875 0.53359375 0.0484375 0.078125
2 0.4921875 0.5125 0.03046875 0.0796875
2 0.43984375 0.51484375 0.02734375 0.07734375
2 0.415625 0.5390625 0.03671875 0.06015625
2 0.39140625 0.48828125 0.03203125 0.03828125
2 0.3421875 0.4890625 0.034375 0.040625
2 0.38203125 0.51640625 0.02734375 0.05234375
2 0.4109375 0.5296875 0.0390625 0.05703125
2 0.34921875 0.50859375 0.0390625 0.053125