2 0.82890625 0.5546875 0.06484375 0.09453125
0 0.34140625 0.48203125 0.0515625 0.1125
2 0.4375 0.49921875 0.040625 0.06171875
2 0.49140625 0.5078125 0.05 0.07578125
2 0.54609375 0.50546875 0.05 0.07421875
2 0.41171875 0.5359375 0.05625 0.08671875
0 0.390625 0.4796875 0.0453125 0.109375
2 0.66875 0.503125 0.04921875 0.06796875
2 0.6046875 0.51640625 0.04921875 0.0765625
2 0.56953125 0.54140625 0.06484375 0.0796875
2 0.64765625 0.540625 0.06875 0.103125
2 0.72109375 0.528125 0.05703125 0.08359375
0 0.34609375 0.46640625 0.046875 0.10078125
2 0.76875 0.53984375 0.05859375 0.0953125