2 0.83515625 0.5515625 0.04453125 0.0890625
2 0.54765625 0.50703125 0.03515625 0.0671875
2 0.60703125 0.51328125 0.0421875 0.05859375
2 0.6515625 0.5390625 0.06015625 0.075
2 0.71875 0.5265625 0.03671875 0.08046875
2 0.76953125 0.54609375 0.05703125 0.07421875
2 0.765625 0.5140625 0.0234375 0.05625
2 0.490625 0.51953125 0.04140625 0.0953125
2 0.4375 0.5015625 0.03203125 0.07265625
2 0.41640625 0.53828125 0.03671875 0.06953125
2 0.3765625 0.5125 0.034375 0.0453125
2 0.3953125 0.48515625 0.03125 0.04609375
2 0.33671875 0.49140625 0.015625 0.0421875
2 0.34453125 0.51328125 0.0375 0.06171875
2 0.6703125 0.50234375 0.0359375 0.06484375