2 0.83359375 0.55390625 0.04296875 0.084375
2 0.54765625 0.50703125 0.03515625 0.0671875
2 0.60703125 0.51328125 0.0421875 0.05859375
0 0.6546875 0.50625 0.0546875 0.140625
2 0.71875 0.5265625 0.03671875 0.08046875
2 0.76953125 0.54609375 0.05703125 0.07421875
2 0.765625 0.5140625 0.0234375 0.05625
2 0.4890625 0.5203125 0.0375 0.0921875
2 0.4359375 0.50546875 0.0328125 0.06484375
0 0.4140625 0.50390625 0.040625 0.13828125
2 0.3953125 0.48515625 0.03125 0.04609375
2 0.66484375 0.50546875 0.02578125 0.059375
2 0.38046875 0.515625 0.03515625 0.06953125
2 0.35625 0.4328125 0.00234375 0.003125
2 0.3421875 0.51796875 0.04296875 0.06171875
2 0.34453125 0.48671875 0.03984375 0.0390625
0 0.5703125 0.52109375 0.05546875 0.1375