2 0.34609375 0.509375 0.03984375 0.06796875
2 0.3359375 0.4984375 0.021875 0.05546875
2 0.3859375 0.51328125 0.0359375 0.05390625
2 0.39140625 0.49296875 0.028125 0.046875
2 0.4125 0.5328125 0.04609375 0.07421875
2 0.43828125 0.51796875 0.03203125 0.09296875
2 0.49453125 0.51484375 0.03828125 0.0828125
2 0.54140625 0.5078125 0.03671875 0.065625
2 0.571875 0.5359375 0.046875 0.0828125
2 0.60703125 0.521875 0.0453125 0.0796875
2 0.65 0.54296875 0.04296875 0.1
0 0.6671875 0.48828125 0.040625 0.11875
2 0.7171875 0.52578125 0.04140625 0.078125
0 0.72578125 0.4796875 0.0375 0.08671875
0 0.77734375 0.49375 0.04453125 0.11171875
2 0.76484375 0.55078125 0.05390625 0.0953125
2 0.82890625 0.55859375 0.05859375 0.08671875