2 0.34609375 0.509375 0.03984375 0.06796875
2 0.3359375 0.4984375 0.021875 0.05546875
2 0.38203125 0.50625 0.04296875 0.06796875
1 0.384375 0.48984375 0.02890625 0.03828125
2 0.4125 0.5328125 0.04609375 0.07421875
2 0.4375 0.51640625 0.034375 0.09140625
2 0.49375 0.51484375 0.04140625 0.08359375
1 0.5390625 0.50625 0.0484375 0.06875
2 0.56796875 0.5453125 0.0421875 0.075
2 0.60703125 0.521875 0.0453125 0.0796875
2 0.65 0.54296875 0.04296875 0.1
2 0.66640625 0.5046875 0.03671875 0.06328125
2 0.7171875 0.52578125 0.04140625 0.078125
2 0.71875 0.503125 0.0375 0.046875
2 0.77578125 0.51796875 0.0453125 0.06328125
2 0.76484375 0.55078125 0.05390625 0.0953125
2 0.82890625 0.55859375 0.05859375 0.08671875