2 0.82890625 0.5546875 0.06484375 0.09453125
2 0.3421875 0.490625 0.040625 0.0546875
1 0.39140625 0.46875 0.05390625 0.096875
2 0.4375 0.49921875 0.040625 0.06171875
0 0.49140625 0.4859375 0.05 0.11796875
0 0.54609375 0.48515625 0.05 0.13828125
2 0.41171875 0.5359375 0.05625 0.08671875
2 0.38359375 0.51875 0.04296875 0.06796875
2 0.66875 0.503125 0.04921875 0.06796875
2 0.6046875 0.51640625 0.04921875 0.0765625
2 0.56953125 0.53515625 0.06484375 0.08984375
2 0.64765625 0.540625 0.06875 0.103125
2 0.72109375 0.50390625 0.0484375 0.07421875
2 0.72109375 0.528125 0.05703125 0.08359375
2 0.35078125 0.5125 0.04453125 0.07578125
2 0.77109375 0.54765625 0.05859375 0.0953125