2 0.2390625 0.5078125 0.05859375 0.1
2 0.1296875 0.52265625 0.05859375 0.1015625
2 0.303125 0.50234375 0.065625 0.090625
2 0.29921875 0.58671875 0.08125 0.1359375
1 0.371875 0.53515625 0.0625 0.1203125
2 0.3546875 0.50390625 0.03203125 0.0671875
2 0.4265625 0.50703125 0.053125 0.11484375
2 0.38984375 0.665625 0.09765625 0.19765625
2 0.4625 0.60078125 0.0796875 0.15390625
1 0.50703125 0.55703125 0.0640625 0.11953125
2 0.6578125 0.68125 0.1015625 0.22109375
2 0.69765625 0.5484375 0.078125 0.10390625
2 0.69453125 0.49140625 0.06484375 0.07890625
1 0.821875 0.48671875 0.065625 0.1171875
1 0.540625 0.50546875 0.0578125 0.09375