0 0.23515625 0.48828125 0.06796875 0.13828125
0 0.13203125 0.490625 0.0640625 0.16640625
0 0.3 0.48046875 0.0671875 0.10625
2 0.29921875 0.58671875 0.08125 0.1359375
2 0.371875 0.534375 0.0625 0.1203125
2 0.3546875 0.50390625 0.03203125 0.0671875
2 0.4265625 0.50703125 0.053125 0.11484375
2 0.38984375 0.665625 0.09765625 0.19765625
2 0.4609375 0.596875 0.07265625 0.14296875
2 0.51171875 0.5484375 0.06640625 0.115625
2 0.6671875 0.68125 0.1203125 0.22109375
2 0.69765625 0.5484375 0.078125 0.10390625
2 0.69453125 0.49140625 0.06484375 0.07890625
1 0.821875 0.48671875 0.065625 0.1171875
1 0.5421875 0.5078125 0.0546875 0.08984375