2 0.82265625 0.49140625 0.05703125 0.1234375
2 0.68828125 0.49765625 0.078125 0.1234375
2 0.68984375 0.55078125 0.071875 0.13125
2 0.66328125 0.69140625 0.1140625 0.2546875
2 0.54140625 0.51640625 0.05703125 0.13515625
2 0.5078125 0.56171875 0.0703125 0.14296875
2 0.46796875 0.61953125 0.075 0.1796875
2 0.39296875 0.68515625 0.08828125 0.2359375
2 0.42734375 0.50625 0.05859375 0.115625
2 0.35390625 0.51015625 0.03359375 0.08515625
0 0.296875 0.4921875 0.0625 0.13125
0 0.22890625 0.48984375 0.07578125 0.14609375
0 0.12421875 0.5 0.0625 0.18125
2 0.3734375 0.54296875 0.07265625 0.12265625
2 0.3015625 0.59296875 0.07421875 0.134375