2 0.66328125 0.72265625 0.11171875 0.2765625
2 0.38828125 0.6828125 0.09375 0.22578125
2 0.12421875 0.546875 0.06484375 0.1328125
2 0.2375 0.52109375 0.08203125 0.11875
2 0.303125 0.49609375 0.0546875 0.07890625
2 0.35234375 0.4984375 0.05078125 0.0890625
2 0.36953125 0.53515625 0.04765625 0.1109375
2 0.428125 0.5390625 0.06171875 0.16015625
2 0.534375 0.5140625 0.05 0.11015625
2 0.509375 0.56796875 0.07421875 0.16796875
2 0.4640625 0.6359375 0.0875 0.215625
2 0.8203125 0.5015625 0.06953125 0.12421875
2 0.69375 0.49453125 0.08125 0.0890625
2 0.6890625 0.54375 0.08359375 0.09921875
2 0.30390625 0.6109375 0.0828125 0.15390625