0 0.66953125 0.65625 0.11171875 0.4109375
2 0.3859375 0.68515625 0.0984375 0.23046875
2 0.12421875 0.546875 0.06484375 0.1328125
2 0.2375 0.52109375 0.08203125 0.11875
2 0.303125 0.49609375 0.0546875 0.07890625
2 0.35234375 0.4984375 0.05078125 0.0890625
2 0.36953125 0.53515625 0.04765625 0.1109375
2 0.428125 0.5390625 0.06171875 0.16015625
2 0.534375 0.5140625 0.05 0.11015625
2 0.509375 0.56796875 0.07421875 0.16796875
0 0.465625 0.5953125 0.084375 0.29609375
2 0.8203125 0.5015625 0.06953125 0.12421875
2 0.69375 0.49453125 0.08125 0.0890625
2 0.29765625 0.61875 0.07265625 0.18046875
0 0.68515625 0.51171875 0.09140625 0.184375