2 0.67109375 0.79296875 0.1328125 0.4140625
2 0.38046875 0.7625 0.1015625 0.39375
2 0.465625 0.68359375 0.0984375 0.3140625
2 0.29609375 0.6765625 0.08359375 0.32265625
2 0.50703125 0.60859375 0.0703125 0.2296875
2 0.5421875 0.54140625 0.04609375 0.15546875
2 0.690625 0.509375 0.06328125 0.1203125
2 0.82578125 0.5203125 0.05234375 0.16640625
1 0.1171875 0.55078125 0.0859375 0.1875
2 0.23515625 0.515625 0.06796875 0.1203125
2 0.29921875 0.509375 0.0671875 0.1109375
2 0.375 0.57265625 0.06875 0.1890625
2 0.4296875 0.54921875 0.06015625 0.17890625
2 0.36015625 0.5171875 0.04453125 0.08984375
2 0.69140625 0.58515625 0.0953125 0.2109375