2 0.8203125 0.5 0.06171875 0.12734375
2 0.690625 0.49453125 0.06953125 0.08984375
2 0.540625 0.51640625 0.05390625 0.1265625
2 0.5078125 0.5578125 0.06015625 0.1265625
2 0.353125 0.5078125 0.034375 0.0734375
2 0.29453125 0.50625 0.04375 0.07890625
2 0.23125 0.5125 0.0625 0.11328125
2 0.37109375 0.528125 0.059375 0.1140625
2 0.42421875 0.509375 0.04453125 0.09765625
2 0.1140625 0.53984375 0.07578125 0.14453125
2 0.29609375 0.60234375 0.06640625 0.1546875
2 0.4609375 0.62265625 0.0765625 0.1921875
2 0.39296875 0.69921875 0.10078125 0.25546875
2 0.69296875 0.53984375 0.06796875 0.090625
2 0.66328125 0.6921875 0.1078125 0.2265625