2 0.8234375 0.48671875 0.06171875 0.11875
2 0.69296875 0.4953125 0.06328125 0.09453125
2 0.7 0.53984375 0.0765625 0.0984375
2 0.66796875 0.70390625 0.11328125 0.24453125
2 0.54296875 0.509375 0.04921875 0.1
2 0.509375 0.55 0.06328125 0.10390625
2 0.421875 0.4984375 0.03984375 0.1
2 0.3484375 0.5109375 0.0359375 0.07421875
0 0.29921875 0.47421875 0.05078125 0.121875
0 0.234375 0.4859375 0.07421875 0.128125
0 0.1296875 0.49609375 0.059375 0.16328125
2 0.3015625 0.59296875 0.071875 0.14453125
2 0.37265625 0.53515625 0.059375 0.1109375
2 0.459375 0.61015625 0.06875 0.17578125
2 0.38671875 0.67890625 0.08984375 0.20546875