2 0.38359375 0.7109375 0.103125 0.28203125
2 0.11796875 0.53828125 0.0625 0.15
2 0.221875 0.51796875 0.0796875 0.12421875
2 0.30078125 0.49609375 0.059375 0.07890625
2 0.29375 0.615625 0.078125 0.16328125
2 0.35234375 0.4984375 0.05078125 0.0890625
2 0.36953125 0.53515625 0.04765625 0.1109375
2 0.428125 0.5390625 0.06171875 0.16015625
0 0.53828125 0.475 0.0578125 0.18828125
2 0.509375 0.56796875 0.07421875 0.16796875
2 0.8203125 0.5 0.06171875 0.12734375
2 0.6859375 0.49453125 0.078125 0.08984375
2 0.67109375 0.71171875 0.12421875 0.265625
2 0.684375 0.5546875 0.09375 0.13671875
0 0.4578125 0.60859375 0.09375 0.32109375