2 0.12421875 0.53046875 0.06328125 0.10703125
2 0.240625 0.50234375 0.05390625 0.08203125
2 0.30390625 0.49921875 0.06015625 0.06796875
2 0.3 0.584375 0.07109375 0.12265625
2 0.425 0.50859375 0.04765625 0.10234375
2 0.38828125 0.66015625 0.0828125 0.18515625
2 0.4625 0.61640625 0.06171875 0.17265625
2 0.5359375 0.509375 0.04921875 0.0953125
2 0.665625 0.68515625 0.11875 0.2234375
2 0.825 0.4828125 0.05546875 0.08046875
2 0.68984375 0.5328125 0.06796875 0.09296875
2 0.69140625 0.49453125 0.0578125 0.0890625
1 0.3703125 0.5421875 0.06015625 0.09921875
2 0.35390625 0.5125 0.03359375 0.0796875
2 0.5015625 0.55 0.04921875 0.10234375