2 0.128125 0.52734375 0.04765625 0.10078125
2 0.240625 0.50859375 0.05625 0.09453125
2 0.303125 0.4984375 0.0484375 0.06640625
2 0.3 0.584375 0.07109375 0.12265625
2 0.425 0.50859375 0.04765625 0.10234375
2 0.38828125 0.66015625 0.0828125 0.18515625
2 0.4625 0.62109375 0.065625 0.18125
2 0.54140625 0.5109375 0.0421875 0.0921875
2 0.6640625 0.68125 0.10390625 0.21171875
1 0.82421875 0.4796875 0.05546875 0.08046875
2 0.690625 0.53203125 0.07109375 0.090625
2 0.69140625 0.49453125 0.0578125 0.0890625
2 0.37109375 0.53515625 0.0609375 0.11484375
2 0.35390625 0.5125 0.03359375 0.0796875
2 0.50546875 0.54765625 0.05234375 0.10703125