2 0.6734375 0.71875 0.13125 0.2859375
2 0.38515625 0.69453125 0.1 0.2484375
2 0.12890625 0.5421875 0.075 0.14296875
2 0.2421875 0.52109375 0.0734375 0.11875
2 0.303125 0.49609375 0.0546875 0.07890625
2 0.29375 0.61875 0.078125 0.1703125
2 0.35234375 0.4984375 0.05078125 0.0890625
2 0.36953125 0.53515625 0.04765625 0.1109375
2 0.428125 0.5390625 0.06171875 0.16015625
2 0.540625 0.51328125 0.05078125 0.1109375
2 0.509375 0.56796875 0.07421875 0.16796875
2 0.4640625 0.6359375 0.0875 0.215625
2 0.8203125 0.5 0.06953125 0.12734375
2 0.690625 0.48515625 0.0875 0.10859375
2 0.69296875 0.58984375 0.1234375 0.196875