2 0.13125 0.5296875 0.05859375 0.10703125
2 0.2421875 0.51015625 0.0515625 0.09296875
2 0.29921875 0.5828125 0.06796875 0.121875
2 0.66328125 0.6828125 0.10078125 0.20859375
2 0.825 0.48671875 0.05390625 0.096875
2 0.690625 0.53515625 0.07265625 0.0953125
2 0.69140625 0.48984375 0.059375 0.0828125
2 0.53828125 0.51484375 0.05078125 0.10078125
2 0.509375 0.55390625 0.05390625 0.125
2 0.4640625 0.6 0.07578125 0.1390625
2 0.39140625 0.65859375 0.0859375 0.1796875
2 0.4265625 0.5078125 0.05234375 0.0953125
2 0.37265625 0.525 0.05390625 0.0875
2 0.35390625 0.51015625 0.0359375 0.0765625
2 0.30234375 0.49765625 0.046875 0.059375