2 0.6640625 0.71875 0.1125 0.2859375
2 0.3859375 0.7453125 0.0984375 0.35078125
2 0.13203125 0.5421875 0.071875 0.14296875
2 0.2375 0.5203125 0.0828125 0.1203125
2 0.303125 0.49609375 0.0546875 0.07890625
2 0.29296875 0.68046875 0.0796875 0.29296875
2 0.35234375 0.4984375 0.05078125 0.0890625
2 0.36953125 0.53515625 0.04765625 0.1109375
2 0.428125 0.5390625 0.06171875 0.16015625
2 0.5375 0.5078125 0.05625 0.121875
2 0.509375 0.56796875 0.07421875 0.16796875
2 0.4640625 0.6359375 0.0875 0.215625
2 0.8265625 0.49609375 0.08125 0.134375
2 0.690625 0.48515625 0.0875 0.10859375
2 0.69296875 0.58984375 0.1234375 0.196875