2 0.1171875 0.53671875 0.0765625 0.11953125
2 0.240625 0.50234375 0.05390625 0.08203125
2 0.30390625 0.49921875 0.06015625 0.06796875
2 0.3 0.584375 0.07109375 0.12265625
2 0.425 0.50859375 0.04765625 0.10234375
2 0.38828125 0.66015625 0.0828125 0.18515625
2 0.4625 0.61640625 0.06171875 0.17265625
2 0.5359375 0.509375 0.04921875 0.0953125
2 0.659375 0.6796875 0.10234375 0.21328125
2 0.8234375 0.48125 0.053125 0.0828125
2 0.68984375 0.5328125 0.06796875 0.09296875
2 0.69140625 0.49453125 0.0578125 0.0890625
1 0.37109375 0.53984375 0.0609375 0.10546875
2 0.35390625 0.5125 0.03359375 0.0796875
2 0.5015625 0.55 0.04921875 0.10234375