2 0.82265625 0.49140625 0.05703125 0.1234375
2 0.68828125 0.49765625 0.078125 0.1234375
2 0.684375 0.5515625 0.0828125 0.13046875
2 0.6609375 0.69609375 0.11796875 0.240625
2 0.54140625 0.51640625 0.05703125 0.13515625
2 0.5078125 0.56171875 0.0703125 0.14296875
2 0.46328125 0.6171875 0.08359375 0.184375
2 0.39296875 0.68515625 0.08828125 0.2359375
2 0.42734375 0.50625 0.05859375 0.115625
2 0.35390625 0.51015625 0.03359375 0.08515625
2 0.29765625 0.5109375 0.0625 0.09453125
2 0.2296875 0.509375 0.0734375 0.10859375
2 0.12421875 0.53203125 0.0625 0.1171875
2 0.3734375 0.54296875 0.07265625 0.12265625
2 0.3015625 0.59296875 0.07421875 0.134375