1 0.8203125 0.50234375 0.0578125 0.1390625
2 0.39140625 0.6578125 0.09140625 0.19375
2 0.303125 0.58359375 0.0796875 0.1328125
2 0.128125 0.53203125 0.06171875 0.115625
2 0.2359375 0.5015625 0.06484375 0.1
2 0.30390625 0.50703125 0.05703125 0.0875
2 0.37421875 0.521875 0.059375 0.0921875
2 0.42421875 0.51015625 0.05546875 0.103125
2 0.46484375 0.58984375 0.08515625 0.14296875
2 0.515625 0.546875 0.05078125 0.1125
1 0.54453125 0.50234375 0.04921875 0.08984375
2 0.69296875 0.48125 0.05859375 0.08046875
2 0.35859375 0.5109375 0.04296875 0.0703125
2 0.6921875 0.53125 0.07421875 0.096875
2 0.6671875 0.65625 0.10546875 0.17109375