2 0.671875 0.7859375 0.13203125 0.428125
2 0.38046875 0.7625 0.1015625 0.39375
2 0.4625 0.684375 0.08359375 0.31171875
2 0.29609375 0.6765625 0.08359375 0.32265625
2 0.50703125 0.60859375 0.0703125 0.2296875
2 0.5421875 0.54140625 0.04609375 0.15546875
2 0.690625 0.509375 0.06328125 0.1203125
2 0.82578125 0.5203125 0.05234375 0.16640625
2 0.1328125 0.56015625 0.0546875 0.16796875
2 0.234375 0.51953125 0.06796875 0.1125
2 0.29921875 0.51484375 0.0671875 0.1
2 0.375 0.57265625 0.06875 0.1890625
2 0.4296875 0.54921875 0.06015625 0.17890625
2 0.36015625 0.5171875 0.04453125 0.08984375
2 0.6921875 0.58671875 0.0953125 0.2046875