2 0.29453125 0.51328125 0.0734375 0.09453125
2 0.825 0.4828125 0.053125 0.0875
2 0.121875 0.53203125 0.0640625 0.1109375
2 0.42890625 0.515625 0.06171875 0.11640625
2 0.534375 0.51484375 0.03515625 0.11796875
2 0.69453125 0.4953125 0.06484375 0.1203125
2 0.35234375 0.51015625 0.03203125 0.0859375
0 0.6921875 0.503125 0.08046875 0.16484375
2 0.66640625 0.6890625 0.11875 0.20703125
2 0.51328125 0.546875 0.05703125 0.128125
2 0.46875 0.5984375 0.06875 0.14453125
2 0.375 0.5296875 0.059375 0.1
2 0.3015625 0.57578125 0.06640625 0.1296875
2 0.23671875 0.51171875 0.06015625 0.10546875
2 0.38984375 0.66171875 0.09140625 0.20546875