2 0.82421875 0.4828125 0.05078125 0.0875
2 0.13671875 0.5328125 0.05234375 0.11171875
2 0.4265625 0.5140625 0.06015625 0.11875
2 0.24296875 0.5078125 0.05703125 0.0984375
2 0.54140625 0.51875 0.0453125 0.1109375
2 0.35234375 0.50625 0.03359375 0.07578125
2 0.6921875 0.47578125 0.06328125 0.0703125
2 0.29921875 0.49921875 0.040625 0.0609375
2 0.37265625 0.52890625 0.059375 0.09453125
2 0.3015625 0.6046875 0.071875 0.171875
2 0.51171875 0.54921875 0.0453125 0.10546875
0 0.471875 0.57421875 0.06171875 0.25546875
2 0.38984375 0.67421875 0.09375 0.20390625
0 0.6921875 0.49140625 0.06015625 0.16875
0 0.67890625 0.6203125 0.1015625 0.3515625