2 0.8234375 0.4953125 0.05703125 0.125
2 0.6921875 0.48515625 0.05078125 0.08125
2 0.69609375 0.53828125 0.06171875 0.090625
2 0.67109375 0.70390625 0.1203125 0.259375
2 0.54453125 0.5265625 0.05234375 0.12734375
2 0.51171875 0.56015625 0.06015625 0.1390625
2 0.4296875 0.5171875 0.04453125 0.09453125
2 0.3546875 0.5171875 0.03359375 0.08125
2 0.375 0.53125 0.05859375 0.11796875
2 0.3046875 0.48984375 0.03515625 0.0671875
2 0.2375 0.51484375 0.05859375 0.09921875
2 0.12421875 0.5390625 0.05703125 0.125
2 0.30625 0.6109375 0.06328125 0.17109375
2 0.39453125 0.68828125 0.08203125 0.24765625
2 0.4640625 0.6296875 0.07265625 0.19921875