2 0.8234375 0.49296875 0.06171875 0.10703125
2 0.69296875 0.4953125 0.06328125 0.09453125
2 0.7 0.53984375 0.0765625 0.0984375
2 0.66796875 0.70390625 0.11328125 0.24453125
0 0.54296875 0.475 0.0484375 0.16875
0 0.509375 0.51484375 0.06328125 0.1703125
2 0.421875 0.4984375 0.03984375 0.1
2 0.3484375 0.5109375 0.0359375 0.07421875
2 0.30234375 0.49921875 0.04453125 0.071875
2 0.23359375 0.50625 0.075 0.08671875
2 0.12578125 0.52421875 0.06640625 0.10703125
2 0.3015625 0.59296875 0.071875 0.14453125
2 0.37265625 0.53515625 0.059375 0.1109375
0 0.4546875 0.57578125 0.078125 0.24453125
2 0.38671875 0.67890625 0.08984375 0.20546875