2 0.628125 0.52578125 0.084375 0.26328125
2 0.7078125 0.41640625 0.04921875 0.109375
2 0.55703125 0.4578125 0.0625 0.26328125
2 0.30703125 0.57265625 0.121875 0.303125
2 0.209375 0.484375 0.075 0.20625
2 0.29921875 0.39140625 0.0453125 0.09453125
2 0.45546875 0.39375 0.07265625 0.1171875
2 0.47578125 0.584375 0.10859375 0.33203125
2 0.55703125 0.49375 0.0609375 0.153125
2 0.75 0.43125 0.04609375 0.09921875
2 0.80546875 0.43828125 0.05625 0.0765625
2 0.89921875 0.5203125 0.075 0.15078125
2 0.70390625 0.609375 0.10625 0.25859375
2 0.821875 0.63984375 0.09453125 0.2765625
2 0.82109375 0.54140625 0.0828125 0.1921875