2 0.70625 0.40859375 0.05 0.0984375
2 0.5515625 0.40078125 0.03671875 0.04609375
2 0.2953125 0.3890625 0.0421875 0.08125
2 0.21015625 0.446875 0.059375 0.1203125
2 0.328125 0.5140625 0.0875 0.18359375
2 0.45078125 0.39296875 0.0546875 0.10703125
0 0.47890625 0.48046875 0.09375 0.25390625
2 0.55234375 0.4796875 0.06015625 0.121875
2 0.63203125 0.41640625 0.04921875 0.0484375
2 0.62734375 0.5015625 0.059375 0.121875
2 0.70859375 0.55703125 0.08125 0.140625
2 0.8296875 0.57890625 0.0765625 0.1390625
2 0.91640625 0.4890625 0.053125 0.1
2 0.81015625 0.509375 0.059375 0.11484375
1 0.80703125 0.42890625 0.0453125 0.06875
2 0.7515625 0.42109375 0.040625 0.08359375