2 0.625 0.51640625 0.07578125 0.17890625
2 0.55546875 0.50390625 0.0640625 0.175
2 0.7546875 0.43359375 0.05390625 0.1296875
2 0.7109375 0.41640625 0.0484375 0.12890625
2 0.803125 0.4296875 0.0515625 0.06484375
2 0.89765625 0.5171875 0.071875 0.13203125
2 0.8078125 0.521875 0.08046875 0.128125
2 0.821875 0.615625 0.0921875 0.18828125
2 0.703125 0.61953125 0.09609375 0.2796875
2 0.55 0.503125 0.06484375 0.1640625
2 0.5609375 0.39609375 0.04296875 0.0671875
2 0.47890625 0.5328125 0.08828125 0.2234375
2 0.30703125 0.57890625 0.1046875 0.303125
2 0.20546875 0.46875 0.065625 0.1421875
2 0.30078125 0.39375 0.04453125 0.09375
2 0.4453125 0.41796875 0.046875 0.08671875