2 0.209375 0.42890625 0.0546875 0.07578125
2 0.30078125 0.38359375 0.04609375 0.06875
1 0.45859375 0.3875 0.0609375 0.0921875
0 0.484375 0.471875 0.08984375 0.2296875
2 0.553125 0.47734375 0.06015625 0.1125
2 0.625 0.490625 0.0625 0.10703125
2 0.7109375 0.55390625 0.0921875 0.14453125
2 0.8953125 0.51484375 0.07265625 0.0765625
2 0.803125 0.43125 0.05 0.06640625
1 0.81953125 0.49453125 0.0796875 0.1484375
2 0.8265625 0.584375 0.0890625 0.14375
2 0.746875 0.42421875 0.0515625 0.07734375
2 0.7046875 0.3984375 0.04609375 0.06796875
2 0.62578125 0.43515625 0.059375 0.06171875
2 0.55859375 0.38203125 0.04296875 0.06640625
2 0.321875 0.48984375 0.07890625 0.13125