0 0.22734375 0.39609375 0.0515625 0.16171875
0 0.303125 0.359375 0.05078125 0.1109375
0 0.45234375 0.3578125 0.05234375 0.16640625
2 0.32421875 0.48828125 0.07734375 0.125
2 0.55859375 0.38046875 0.0390625 0.06328125
2 0.475 0.51484375 0.08828125 0.15625
2 0.5484375 0.471875 0.065625 0.1046875
2 0.62421875 0.484375 0.0640625 0.1078125
2 0.7015625 0.559375 0.096875 0.15859375
2 0.82109375 0.58203125 0.096875 0.1359375
2 0.903125 0.5015625 0.078125 0.1109375
2 0.70703125 0.39375 0.04296875 0.06484375
2 0.7484375 0.42265625 0.04609375 0.07109375
2 0.759375 0.4046875 0.03515625 0.08671875
2 0.80234375 0.42890625 0.04609375 0.07109375
2 0.8078125 0.52734375 0.07578125 0.115625