2 0.5578125 0.38671875 0.0625 0.1046875
2 0.62109375 0.5109375 0.06796875 0.1515625
2 0.7078125 0.3953125 0.0484375 0.09453125
2 0.753125 0.42421875 0.05703125 0.09609375
1 0.8 0.42578125 0.03671875 0.06328125
2 0.91171875 0.4984375 0.0703125 0.0890625
2 0.825 0.584375 0.0953125 0.14296875
2 0.8125 0.503125 0.046875 0.071875
1 0.709375 0.5484375 0.07265625 0.13671875
2 0.55390625 0.475 0.0484375 0.10546875
2 0.48359375 0.51015625 0.09140625 0.1609375
2 0.44296875 0.41328125 0.0453125 0.08125
2 0.30390625 0.38671875 0.04453125 0.078125
2 0.321875 0.515625 0.0890625 0.16875
2 0.21015625 0.4640625 0.07265625 0.14296875
2 0.62890625 0.425 0.06015625 0.0609375