2 0.5609375 0.384375 0.03828125 0.06484375
2 0.30078125 0.38046875 0.0359375 0.071875
1 0.21484375 0.43203125 0.0640625 0.09453125
1 0.325 0.50078125 0.07421875 0.15390625
2 0.47890625 0.52890625 0.0890625 0.1984375
2 0.5546875 0.478125 0.0546875 0.12578125
2 0.625 0.496875 0.06875 0.128125
1 0.7046875 0.57421875 0.1015625 0.16640625
2 0.82109375 0.59296875 0.0984375 0.15546875
2 0.903125 0.4953125 0.053125 0.0984375
2 0.8109375 0.50625 0.0546875 0.1015625
1 0.7046875 0.39296875 0.03984375 0.08515625
0 0.753125 0.40390625 0.046875 0.12578125
0 0.8046875 0.40703125 0.03984375 0.1
2 0.16875 0.38046875 0.04921875 0.15
2 0.3828125 0.6765625 0.11328125 0.18359375
1 0.4484375 0.390625 0.0453125 0.09296875