2 0.20390625 0.43359375 0.0546875 0.07578125
2 0.30078125 0.38359375 0.04609375 0.06875
2 0.31796875 0.48984375 0.07890625 0.1203125
2 0.44375 0.4078125 0.046875 0.0640625
2 0.47890625 0.50390625 0.0875 0.15390625
2 0.5546875 0.47734375 0.0578125 0.1125
2 0.62421875 0.4875 0.0671875 0.11328125
2 0.703125 0.55625 0.09765625 0.14609375
2 0.8953125 0.50234375 0.065625 0.09765625
2 0.803125 0.43125 0.05 0.06640625
2 0.8078125 0.51328125 0.08046875 0.11171875
2 0.82421875 0.5859375 0.0890625 0.14375
2 0.746875 0.42421875 0.0515625 0.07734375
2 0.7046875 0.40078125 0.04609375 0.07265625
2 0.62578125 0.42890625 0.059375 0.06171875
2 0.55234375 0.3859375 0.04296875 0.06171875