2 0.55859375 0.50234375 0.0640625 0.17421875
1 0.6265625 0.5046875 0.0734375 0.153125
2 0.4796875 0.58359375 0.0875 0.321875
2 0.69765625 0.61484375 0.10625 0.28671875
2 0.82109375 0.6671875 0.0875 0.3
2 0.8953125 0.54453125 0.06796875 0.18359375
2 0.80859375 0.5390625 0.078125 0.1671875
2 0.80234375 0.43984375 0.046875 0.09140625
2 0.746875 0.4359375 0.05703125 0.10625
2 0.703125 0.4078125 0.04921875 0.08515625
2 0.56015625 0.4015625 0.04140625 0.0875
2 0.44375 0.41640625 0.05078125 0.08828125
2 0.30703125 0.58046875 0.10625 0.29296875
2 0.2078125 0.490625 0.06953125 0.19765625
2 0.30234375 0.409375 0.05 0.12265625
2 0.6265625 0.4265625 0.0515625 0.05390625