2 0.5609375 0.384375 0.03828125 0.06484375
2 0.44296875 0.41796875 0.053125 0.071875
2 0.30078125 0.38046875 0.0359375 0.071875
2 0.21484375 0.43203125 0.0640625 0.09453125
2 0.325 0.51015625 0.07421875 0.15390625
2 0.47890625 0.52890625 0.0890625 0.1984375
2 0.5546875 0.478125 0.0546875 0.12578125
2 0.628125 0.51015625 0.06875 0.128125
2 0.7046875 0.57421875 0.1015625 0.16640625
2 0.82109375 0.59296875 0.0984375 0.15546875
2 0.90703125 0.50078125 0.04453125 0.08671875
2 0.8109375 0.50625 0.0546875 0.1015625
2 0.7046875 0.39296875 0.03984375 0.08515625
2 0.753125 0.4265625 0.046875 0.0796875
1 0.803125 0.42578125 0.040625 0.059375
2 0.625 0.4296875 0.040625 0.06640625