0 0.21796875 0.446875 0.0734375 0.28046875
2 0.69375 0.38125 0.04296875 0.13515625
1 0.30390625 0.38828125 0.053125 0.08515625
2 0.30390625 0.578125 0.1203125 0.29765625
0 0.45703125 0.3625 0.05703125 0.1875
2 0.559375 0.3859375 0.04453125 0.10078125
2 0.70546875 0.4 0.04375 0.08671875
2 0.75078125 0.42578125 0.04375 0.08359375
2 0.796875 0.43515625 0.0515625 0.08046875
2 0.55234375 0.5 0.06171875 0.1578125
2 0.6203125 0.52578125 0.07578125 0.18828125
2 0.4765625 0.57890625 0.09921875 0.30546875
2 0.7125 0.6375 0.08828125 0.32109375
2 0.8203125 0.65234375 0.096875 0.29296875
2 0.8078125 0.5296875 0.06171875 0.13046875
2 0.9265625 0.53515625 0.08515625 0.19921875