2 0.30859375 0.375 0.0453125 0.1359375
2 0.21640625 0.425 0.0515625 0.09140625
2 0.30625 0.3796875 0.0578125 0.08046875
2 0.4546875 0.39375 0.053125 0.08984375
2 0.55703125 0.3828125 0.0421875 0.07421875
2 0.5546875 0.4734375 0.065625 0.1140625
2 0.62265625 0.4859375 0.06171875 0.1046875
2 0.70703125 0.40078125 0.0421875 0.07578125
2 0.70234375 0.5640625 0.096875 0.153125
2 0.9 0.5 0.06484375 0.1078125
2 0.8203125 0.5921875 0.10078125 0.15
2 0.8109375 0.52109375 0.07734375 0.1125
2 0.803125 0.428125 0.04296875 0.06953125
0 0.753125 0.40078125 0.04765625 0.128125
2 0.4078125 0.58125 0.13046875 0.19609375
2 0.47578125 0.52265625 0.0875 0.15859375
2 0.32890625 0.48828125 0.08046875 0.13125
2 0.7671875 0.4140625 0.03125 0.07890625