2 0.1984375 0.40859375 0.0921875 0.103125
2 0.30078125 0.38359375 0.04609375 0.06875
2 0.45625 0.3859375 0.05390625 0.0859375
2 0.47734375 0.51328125 0.08984375 0.14765625
2 0.55234375 0.47578125 0.0578125 0.103125
2 0.62421875 0.4859375 0.0625 0.10703125
2 0.709375 0.553125 0.084375 0.134375
2 0.90859375 0.49296875 0.0578125 0.10390625
2 0.7953125 0.4296875 0.046875 0.06328125
2 0.81640625 0.5171875 0.0734375 0.103125
2 0.8265625 0.584375 0.0890625 0.14375
2 0.746875 0.42421875 0.0515625 0.07734375
2 0.7046875 0.3984375 0.04609375 0.06796875
2 0.55859375 0.38203125 0.04296875 0.06640625
2 0.3234375 0.48671875 0.07109375 0.121875