2 0.21953125 0.425 0.05234375 0.10625
2 0.30625 0.38359375 0.05859375 0.06953125
2 0.4546875 0.39140625 0.0578125 0.1
2 0.33125 0.48203125 0.06171875 0.125
2 0.553125 0.38046875 0.0390625 0.06328125
2 0.475 0.51484375 0.08828125 0.15625
2 0.55546875 0.47734375 0.065625 0.121875
2 0.6171875 0.47734375 0.059375 0.10625
2 0.69921875 0.565625 0.096875 0.15859375
2 0.82109375 0.58203125 0.096875 0.1359375
2 0.91015625 0.4984375 0.0640625 0.1015625
2 0.70703125 0.39375 0.04296875 0.06484375
2 0.7484375 0.42265625 0.04609375 0.07109375
2 0.759375 0.4046875 0.03515625 0.08671875
0 0.80234375 0.4078125 0.04765625 0.1125
2 0.8078125 0.52734375 0.07578125 0.115625
2 0.425 0.6359375 0.103125 0.1578125