2 0.4703125 0.53671875 0.09375 0.1890625
0 0.45625 0.36171875 0.05078125 0.1609375
0 0.30234375 0.36640625 0.046875 0.121875
0 0.21875 0.4 0.0640625 0.18125
2 0.32578125 0.51640625 0.07421875 0.16328125
1 0.70234375 0.4 0.046875 0.07421875
2 0.7515625 0.42578125 0.05078125 0.07421875
2 0.7984375 0.43125 0.03984375 0.06328125
2 0.91640625 0.5140625 0.059375 0.10546875
2 0.82265625 0.59609375 0.08515625 0.140625
1 0.69375 0.56953125 0.10390625 0.14296875
1 0.80625 0.51796875 0.06171875 0.11328125
2 0.63046875 0.50390625 0.065625 0.13671875
2 0.55234375 0.48984375 0.065625 0.13125
2 0.77421875 0.35703125 0.034375 0.059375
2 0.5546875 0.384375 0.04296875 0.06875