2 0.21640625 0.4265625 0.0515625 0.1015625
2 0.29921875 0.38828125 0.0359375 0.07578125
2 0.32734375 0.50546875 0.06171875 0.16640625
2 0.45625 0.39140625 0.0453125 0.10546875
2 0.47265625 0.50390625 0.0765625 0.15546875
2 0.56015625 0.38203125 0.0421875 0.06875
2 0.55234375 0.478125 0.06015625 0.1109375
2 0.628125 0.49609375 0.065625 0.11875
1 0.7140625 0.565625 0.075 0.171875
1 0.709375 0.39921875 0.03828125 0.06484375
2 0.7484375 0.42109375 0.03828125 0.071875
1 0.796875 0.4296875 0.0359375 0.06640625
1 0.91875 0.503125 0.07265625 0.10546875
1 0.81015625 0.51640625 0.065625 0.10703125
2 0.81875 0.596875 0.0828125 0.1390625