2 0.6265625 0.50625 0.06875 0.14140625
2 0.55625 0.5078125 0.06171875 0.1671875
2 0.70703125 0.4140625 0.0484375 0.13125
2 0.56015625 0.39140625 0.05625 0.10546875
2 0.6296875 0.41953125 0.0390625 0.0546875
2 0.7484375 0.4328125 0.0515625 0.096875
1 0.80390625 0.43046875 0.0515625 0.07421875
2 0.81015625 0.52890625 0.08046875 0.13828125
2 0.89609375 0.51328125 0.071875 0.12578125
1 0.7078125 0.58984375 0.0953125 0.21640625
2 0.471875 0.51953125 0.10546875 0.2078125
2 0.30703125 0.521875 0.109375 0.19140625
2 0.20703125 0.48359375 0.0671875 0.2046875
2 0.29921875 0.3890625 0.05 0.07890625
2 0.44375 0.40859375 0.04609375 0.07109375
2 0.81875 0.590625 0.09140625 0.16328125