0 0.55 0.44375 0.0875 0.18359375
0 0.6234375 0.465625 0.06640625 0.19453125
2 0.55234375 0.3859375 0.040625 0.0796875
2 0.45859375 0.3890625 0.040625 0.1
2 0.3078125 0.3890625 0.053125 0.08125
2 0.478125 0.51953125 0.08046875 0.171875
1 0.70703125 0.403125 0.040625 0.06875
2 0.74765625 0.425 0.040625 0.071875
1 0.8015625 0.4296875 0.040625 0.07421875
2 0.76484375 0.40078125 0.0359375 0.04609375
2 0.825 0.59609375 0.08671875 0.159375
2 0.9171875 0.5203125 0.0640625 0.14453125
2 0.80546875 0.53125 0.065625 0.11484375
2 0.7 0.5796875 0.09375 0.1703125
2 0.32578125 0.52109375 0.175 0.28671875
2 0.21875 0.43515625 0.0515625 0.10390625