2 0.55703125 0.4625 0.06328125 0.25234375
2 0.62578125 0.5125 0.07734375 0.16953125
2 0.70703125 0.4140625 0.0484375 0.1296875
2 0.75 0.4359375 0.0546875 0.11875
2 0.56015625 0.39296875 0.053125 0.1015625
2 0.70078125 0.6265625 0.10078125 0.2890625
2 0.80546875 0.43671875 0.053125 0.08203125
2 0.89453125 0.54453125 0.06875 0.1890625
2 0.81171875 0.525 0.0875 0.13984375
2 0.6921875 0.63359375 0.0859375 0.321875
2 0.82109375 0.615625 0.09453125 0.21640625
2 0.47890625 0.5875 0.09140625 0.321875
2 0.30390625 0.578125 0.115625 0.2984375
2 0.20859375 0.47578125 0.065625 0.18359375
2 0.3 0.4015625 0.04375 0.10859375
2 0.44296875 0.41875 0.04453125 0.0859375