0 0.22734375 0.39609375 0.0515625 0.16171875
0 0.303125 0.359375 0.05078125 0.1109375
0 0.45234375 0.3578125 0.05234375 0.16640625
2 0.3203125 0.48671875 0.07734375 0.125
2 0.55859375 0.38046875 0.0390625 0.06328125
2 0.475 0.51484375 0.08828125 0.15625
2 0.5484375 0.471875 0.065625 0.1046875
2 0.62421875 0.484375 0.0640625 0.1078125
2 0.7 0.55859375 0.1 0.15703125
2 0.82109375 0.58203125 0.096875 0.1359375
2 0.903125 0.49921875 0.075 0.10625
2 0.7046875 0.396875 0.04296875 0.06484375
2 0.7484375 0.42265625 0.04609375 0.07109375
2 0.75859375 0.39921875 0.04140625 0.08515625
2 0.80234375 0.42890625 0.04609375 0.07109375