2 0.47734375 0.51328125 0.078125 0.16640625
2 0.2984375 0.38671875 0.0421875 0.08515625
2 0.20625 0.44375 0.0546875 0.0984375
2 0.325 0.509375 0.08046875 0.178125
2 0.56015625 0.38671875 0.0453125 0.07421875
2 0.55234375 0.4734375 0.05546875 0.109375
2 0.625 0.49921875 0.06171875 0.090625
2 0.6015625 0.41484375 0.0578125 0.078125
2 0.4578125 0.38828125 0.0515625 0.109375
2 0.70625 0.403125 0.03671875 0.071875
2 0.75078125 0.425 0.046875 0.0796875
2 0.80859375 0.425 0.046875 0.06875
2 0.90390625 0.51875 0.08125 0.12578125
2 0.81875 0.584375 0.07890625 0.1203125
1 0.71015625 0.57578125 0.08515625 0.15546875
2 0.81953125 0.50703125 0.06875 0.12578125