2 0.3078125 0.3796875 0.06953125 0.0734375
2 0.45703125 0.39921875 0.0609375 0.12109375
2 0.5578125 0.39296875 0.04453125 0.0921875
2 0.70390625 0.4046875 0.04609375 0.08359375
2 0.7515625 0.43046875 0.0375 0.084375
2 0.76171875 0.41875 0.03984375 0.071875
2 0.79609375 0.4375 0.05 0.08046875
2 0.9140625 0.55859375 0.096875 0.14296875
2 0.815625 0.5296875 0.07890625 0.121875
2 0.825 0.6140625 0.09453125 0.19609375
2 0.70078125 0.64765625 0.1046875 0.3359375
0 0.621875 0.496875 0.08515625 0.28359375
0 0.5421875 0.471875 0.0828125 0.26328125
2 0.46796875 0.578125 0.11171875 0.3015625
2 0.3 0.5796875 0.128125 0.328125
2 0.2484375 0.63671875 0.2078125 0.53046875