2 0.209375 0.42890625 0.0546875 0.07578125
2 0.30078125 0.38359375 0.04609375 0.06875
2 0.32265625 0.4765625 0.075 0.11953125
2 0.44765625 0.3890625 0.06953125 0.09453125
0 0.484375 0.4671875 0.0890625 0.25078125
2 0.55546875 0.47734375 0.06015625 0.1125
2 0.625 0.490625 0.0625 0.10703125
2 0.7109375 0.55625 0.09765625 0.14609375
2 0.89921875 0.5078125 0.0828125 0.08359375
2 0.803125 0.43125 0.05 0.06640625
2 0.8078125 0.51328125 0.08046875 0.11171875
2 0.8265625 0.584375 0.0890625 0.14375
2 0.746875 0.42421875 0.0515625 0.07734375
2 0.709375 0.3984375 0.04609375 0.06796875
2 0.62578125 0.43515625 0.059375 0.06171875
2 0.55859375 0.38203125 0.04296875 0.06640625