2 0.55859375 0.50546875 0.06328125 0.1671875
2 0.62578125 0.525 0.07421875 0.1828125
2 0.47890625 0.58671875 0.0875 0.32890625
2 0.7015625 0.63828125 0.10078125 0.31875
2 0.81953125 0.65234375 0.09453125 0.26640625
2 0.81015625 0.52421875 0.078125 0.13671875
2 0.89375 0.53515625 0.07109375 0.1703125
2 0.7515625 0.45 0.0515625 0.13359375
2 0.80078125 0.4453125 0.05078125 0.0984375
2 0.70625 0.4109375 0.04765625 0.09921875
2 0.45078125 0.3921875 0.05390625 0.11015625
2 0.30078125 0.3921875 0.04921875 0.0921875
0 0.21328125 0.43828125 0.07890625 0.1859375
2 0.3046875 0.5828125 0.11328125 0.30078125
2 0.55546875 0.3890625 0.05546875 0.07421875
2 0.61328125 0.21171875 0.00078125 0.00078125
2 0.19921875 0.35 0.046875 0.12734375