1 0.2234375 0.425 0.059375 0.10625
2 0.30625 0.38359375 0.05859375 0.06953125
2 0.4546875 0.39140625 0.0578125 0.1
2 0.3234375 0.48359375 0.07734375 0.125
2 0.55859375 0.38046875 0.0390625 0.06328125
2 0.475 0.51484375 0.08828125 0.15625
1 0.54375 0.44921875 0.075 0.1515625
2 0.61796875 0.4859375 0.0640625 0.1078125
2 0.7015625 0.559375 0.096875 0.15859375
2 0.82109375 0.58203125 0.096875 0.1359375
2 0.91484375 0.5015625 0.084375 0.1015625
2 0.70703125 0.39375 0.04296875 0.06484375
2 0.7484375 0.42265625 0.04609375 0.07109375
2 0.759375 0.4046875 0.03515625 0.08671875
2 0.80234375 0.42890625 0.04609375 0.07109375
2 0.8078125 0.52734375 0.07578125 0.115625