2 0.35625 0.48671875 0.04453125 0.08046875
2 0.6265625 0.459375 0.04375 0.08125
2 0.42421875 0.45625 0.040625 0.07421875
0 0.45390625 0.45390625 0.053125 0.13984375
2 0.51796875 0.46953125 0.03515625 0.09609375
2 0.3 0.46015625 0.04296875 0.0625
0 0.82265625 0.4546875 0.046875 0.0984375
2 0.49140625 0.471875 0.03671875 0.08203125
2 0.765625 0.45390625 0.0484375 0.0671875
2 0.25703125 0.48671875 0.04140625 0.090625
2 0.30859375 0.48671875 0.03203125 0.0796875
2 0.60390625 0.475 0.03671875 0.08046875
0 0.70703125 0.4421875 0.0515625 0.1171875
2 0.6953125 0.4921875 0.04765625 0.09453125
2 0.759375 0.4875 0.04609375 0.071875