2 0.353125 0.4859375 0.04765625 0.07109375
2 0.42421875 0.459375 0.03125 0.06640625
2 0.603125 0.47109375 0.03671875 0.07890625
0 0.48515625 0.45625 0.04453125 0.1015625
2 0.7640625 0.45234375 0.046875 0.06328125
2 0.2578125 0.48046875 0.04609375 0.07734375
2 0.2875 0.4703125 0.02421875 0.0625
2 0.3109375 0.48203125 0.03359375 0.0734375
0 0.453125 0.465625 0.04765625 0.14765625
0 0.515625 0.44765625 0.03828125 0.1078125
2 0.82421875 0.4703125 0.03671875 0.06171875
2 0.7640625 0.48671875 0.05078125 0.07734375
2 0.690625 0.48671875 0.04375 0.08203125
2 0.715625 0.47109375 0.03359375 0.09921875
2 0.63046875 0.46015625 0.028125 0.0734375