2 0.825 0.46640625 0.046875 0.06640625
2 0.76484375 0.44765625 0.05078125 0.06171875
2 0.75625 0.4921875 0.0546875 0.0765625
2 0.70625 0.46015625 0.05625 0.08203125
2 0.68828125 0.484375 0.05625 0.075
2 0.61015625 0.4703125 0.04765625 0.08515625
1 0.6265625 0.45625 0.0484375 0.0859375
2 0.51953125 0.45390625 0.0421875 0.0625
2 0.4953125 0.4703125 0.04765625 0.0859375
2 0.4546875 0.49296875 0.04609375 0.090625
2 0.4265625 0.446875 0.03125 0.05625
1 0.3546875 0.4875 0.053125 0.0859375
2 0.31015625 0.48125 0.03984375 0.06953125
2 0.296875 0.4625 0.04296875 0.0609375
2 0.25546875 0.47734375 0.05234375 0.07734375