2 0.2578125 0.47890625 0.04453125 0.08515625
2 0.29765625 0.46328125 0.04296875 0.08125
2 0.30703125 0.48203125 0.04453125 0.08359375
2 0.35546875 0.48046875 0.046875 0.096875
2 0.425 0.4515625 0.03828125 0.06171875
2 0.446875 0.49921875 0.05859375 0.1046875
2 0.490625 0.47578125 0.04375 0.1
2 0.5203125 0.46328125 0.040625 0.0859375
2 0.6046875 0.46875 0.0421875 0.0859375
2 0.628125 0.4609375 0.0328125 0.08203125
2 0.684375 0.48828125 0.04765625 0.0828125
2 0.70703125 0.46796875 0.0484375 0.09921875
2 0.76015625 0.4515625 0.04140625 0.06796875
2 0.8234375 0.4640625 0.04375 0.07890625
2 0.76484375 0.48515625 0.05 0.09765625