0 0.76171875 0.4328125 0.04453125 0.0984375
2 0.82578125 0.47109375 0.04765625 0.08203125
2 0.70625 0.45625 0.0546875 0.0796875
2 0.61796875 0.453125 0.04375 0.08359375
2 0.52265625 0.46171875 0.0375 0.07421875
2 0.42890625 0.4546875 0.03203125 0.071875
2 0.29453125 0.465625 0.02890625 0.07734375
2 0.31015625 0.48203125 0.04140625 0.07734375
2 0.25390625 0.48046875 0.046875 0.07421875
2 0.3578125 0.48671875 0.05234375 0.0828125
2 0.49140625 0.46640625 0.0421875 0.0765625
2 0.45234375 0.4953125 0.0515625 0.09140625
2 0.60703125 0.471875 0.0421875 0.07109375
0 0.690625 0.4703125 0.046875 0.1265625
2 0.76328125 0.4890625 0.05078125 0.08671875