2 0.353125 0.4890625 0.04609375 0.07578125
2 0.42578125 0.45546875 0.03203125 0.06171875
2 0.603125 0.47109375 0.03671875 0.07890625
2 0.4921875 0.46953125 0.040625 0.0765625
2 0.7640625 0.45234375 0.046875 0.06328125
2 0.259375 0.4765625 0.04296875 0.07578125
2 0.2984375 0.46796875 0.03984375 0.07109375
2 0.3109375 0.48203125 0.03359375 0.0734375
0 0.45625 0.465625 0.04140625 0.15078125
2 0.51953125 0.4625 0.0296875 0.078125
0 0.825 0.446875 0.0359375 0.1078125
2 0.7640625 0.48671875 0.05078125 0.07734375
2 0.690625 0.48671875 0.04375 0.08203125
0 0.70625 0.4453125 0.05234375 0.15
2 0.62734375 0.46015625 0.028125 0.0765625