2 0.353125 0.490625 0.04765625 0.07109375
2 0.42421875 0.459375 0.03125 0.06640625
2 0.60546875 0.47265625 0.03671875 0.07890625
2 0.49140625 0.46953125 0.0328125 0.075
2 0.7640625 0.45234375 0.046875 0.06328125
2 0.2578125 0.48046875 0.04609375 0.07734375
2 0.2875 0.4703125 0.02421875 0.0625
2 0.3109375 0.48203125 0.03359375 0.0734375
2 0.4546875 0.49765625 0.0484375 0.09765625
2 0.51953125 0.4671875 0.0296875 0.071875
2 0.82421875 0.4703125 0.03671875 0.06171875
2 0.7640625 0.48671875 0.05078125 0.07734375
2 0.690625 0.48671875 0.04375 0.08203125
2 0.715625 0.47109375 0.03359375 0.09921875
2 0.62890625 0.45859375 0.028125 0.0734375