2 0.825 0.4734375 0.046875 0.0796875
2 0.76484375 0.44765625 0.05078125 0.05859375
2 0.76171875 0.484375 0.0546875 0.0765625
2 0.71171875 0.46015625 0.04375 0.071875
2 0.6921875 0.48203125 0.0484375 0.07890625
2 0.61015625 0.4703125 0.04765625 0.08515625
1 0.6265625 0.45625 0.0484375 0.0859375
2 0.525 0.4609375 0.03515625 0.07421875
2 0.49296875 0.46796875 0.04296875 0.08046875
2 0.4546875 0.49296875 0.04609375 0.08984375
2 0.4265625 0.446875 0.03125 0.05625
2 0.35703125 0.48125 0.04921875 0.0734375
2 0.31015625 0.48125 0.03984375 0.06953125
2 0.296875 0.4625 0.04296875 0.0609375
2 0.253125 0.48515625 0.05234375 0.07734375