2 0.24765625 0.49609375 0.040625 0.10546875
2 0.29296875 0.475 0.0234375 0.10625
2 0.31015625 0.48984375 0.040625 0.09453125
2 0.3546875 0.48671875 0.04921875 0.08359375
2 0.4265625 0.44921875 0.03203125 0.05859375
2 0.453125 0.49921875 0.05390625 0.1
2 0.5203125 0.46328125 0.03984375 0.08203125
2 0.48515625 0.475 0.03828125 0.10234375
2 0.60859375 0.475 0.053125 0.1109375
2 0.60703125 0.4890625 0.046875 0.09453125
2 0.68984375 0.48046875 0.046875 0.08828125
2 0.7046875 0.46640625 0.05 0.10859375
2 0.8265625 0.490625 0.04453125 0.109375
2 0.76484375 0.44765625 0.04140625 0.0546875
2 0.7703125 0.5015625 0.04296875 0.11328125