2 0.25859375 0.48515625 0.04453125 0.0875
2 0.28984375 0.48203125 0.01640625 0.0921875
2 0.31015625 0.48984375 0.040625 0.09453125
2 0.35234375 0.4890625 0.04453125 0.07890625
2 0.4265625 0.44921875 0.03203125 0.05859375
2 0.45078125 0.4921875 0.05078125 0.08203125
2 0.48515625 0.47578125 0.0390625 0.1015625
2 0.60859375 0.47734375 0.053125 0.10546875
2 0.60625 0.48515625 0.04765625 0.1015625
2 0.8234375 0.471875 0.03828125 0.06875
2 0.7671875 0.48515625 0.0375 0.0796875
2 0.68828125 0.4953125 0.040625 0.0875
2 0.7078125 0.46640625 0.0390625 0.08671875
2 0.765625 0.4546875 0.04453125 0.06953125
2 0.51796875 0.4734375 0.03515625 0.08359375