2 0.8234375 0.4921875 0.04140625 0.10859375
2 0.7640625 0.50546875 0.04765625 0.11484375
0 0.68359375 0.48984375 0.06015625 0.14453125
0 0.70390625 0.46484375 0.05390625 0.18125
0 0.76484375 0.4359375 0.04296875 0.12265625
2 0.25234375 0.48671875 0.05 0.0953125
2 0.3109375 0.48671875 0.03828125 0.07734375
2 0.3546875 0.5015625 0.05234375 0.109375
2 0.45078125 0.5203125 0.0515625 0.15
2 0.52265625 0.4765625 0.0390625 0.09921875
2 0.49375 0.4796875 0.0421875 0.09921875
2 0.42578125 0.45859375 0.03359375 0.06796875
2 0.29296875 0.47421875 0.03046875 0.06328125
2 0.60859375 0.48125 0.040625 0.1015625
2 0.62109375 0.45390625 0.02578125 0.0671875