0 0.825 0.4515625 0.046875 0.09765625
2 0.76484375 0.44765625 0.05078125 0.06171875
1 0.75625 0.49296875 0.0546875 0.0765625
0 0.70625 0.440625 0.05625 0.121875
1 0.68828125 0.484375 0.05625 0.075
2 0.61015625 0.4703125 0.04765625 0.08515625
2 0.6265625 0.45625 0.0484375 0.0859375
2 0.51953125 0.45390625 0.0421875 0.0625
2 0.4953125 0.4703125 0.04765625 0.0859375
0 0.4515625 0.45703125 0.0515625 0.1390625
2 0.42265625 0.45078125 0.04296875 0.06953125
2 0.3515625 0.490625 0.06015625 0.09140625
2 0.31015625 0.48125 0.03984375 0.06953125
2 0.29609375 0.4515625 0.04609375 0.075
2 0.26015625 0.47734375 0.04296875 0.078125