2 0.76171875 0.44921875 0.04375 0.06484375
2 0.82578125 0.47109375 0.04765625 0.08203125
2 0.7046875 0.45625 0.05078125 0.0796875
2 0.61796875 0.453125 0.04375 0.08359375
2 0.5203125 0.4578125 0.040625 0.08203125
0 0.42734375 0.43359375 0.034375 0.11484375
0 0.2953125 0.45234375 0.053125 0.1046875
2 0.31015625 0.48203125 0.04140625 0.07734375
0 0.25390625 0.45703125 0.04765625 0.12109375
2 0.3578125 0.48671875 0.05234375 0.0828125
2 0.49296875 0.46796875 0.046875 0.08046875
2 0.45 0.49140625 0.059375 0.0984375
2 0.60703125 0.471875 0.0421875 0.07109375
2 0.690625 0.48671875 0.046875 0.09296875
2 0.76328125 0.4890625 0.05078125 0.08671875