2 0.8234375 0.4921875 0.04140625 0.10859375
2 0.7640625 0.50546875 0.04765625 0.11484375
2 0.69140625 0.503125 0.0453125 0.11875
2 0.70703125 0.4890625 0.046875 0.1328125
2 0.76484375 0.4578125 0.04296875 0.07890625
2 0.2484375 0.48515625 0.05703125 0.0984375
2 0.3109375 0.48671875 0.03828125 0.07734375
2 0.3546875 0.5015625 0.05234375 0.109375
2 0.45078125 0.521875 0.0515625 0.14765625
2 0.51953125 0.4765625 0.0328125 0.09921875
2 0.4890625 0.47578125 0.053125 0.10703125
2 0.4234375 0.45859375 0.03828125 0.06875
2 0.29140625 0.46796875 0.05390625 0.0765625
2 0.60859375 0.48125 0.040625 0.1015625
2 0.62109375 0.45390625 0.02578125 0.0671875