2 0.25859375 0.48515625 0.04453125 0.0875
2 0.28984375 0.48203125 0.01640625 0.0921875
2 0.31015625 0.48984375 0.040625 0.09453125
2 0.35234375 0.4890625 0.04453125 0.07890625
2 0.4265625 0.44921875 0.03203125 0.05859375
0 0.45 0.4703125 0.05078125 0.12734375
2 0.5171875 0.4671875 0.0328125 0.07421875
1 0.48125 0.475 0.046875 0.10234375
2 0.60859375 0.47734375 0.053125 0.10546875
2 0.60625 0.48515625 0.04765625 0.1015625
2 0.8234375 0.49140625 0.03828125 0.1078125
2 0.7703125 0.5015625 0.04296875 0.11328125
2 0.68828125 0.4953125 0.040625 0.0875
2 0.7078125 0.46640625 0.0390625 0.08671875
2 0.765625 0.4546875 0.04453125 0.06953125