2 0.8234375 0.4921875 0.04140625 0.10859375
2 0.7640625 0.50546875 0.04765625 0.11484375
2 0.69140625 0.503125 0.0453125 0.11875
2 0.70703125 0.4890625 0.046875 0.1328125
2 0.76484375 0.4578125 0.04296875 0.07890625
2 0.25234375 0.48671875 0.05 0.0953125
2 0.3109375 0.48671875 0.03828125 0.07734375
2 0.3546875 0.5015625 0.05234375 0.109375
0 0.45078125 0.4953125 0.0515625 0.2
2 0.52265625 0.4765625 0.0390625 0.09921875
0 0.48359375 0.47109375 0.06328125 0.1171875
2 0.42578125 0.45859375 0.03359375 0.06796875
2 0.29296875 0.47421875 0.03046875 0.06328125
2 0.60859375 0.48125 0.040625 0.1015625
2 0.62109375 0.45390625 0.02578125 0.0671875