2 0.35625 0.48671875 0.04453125 0.08046875
1 0.6265625 0.459375 0.04375 0.08125
2 0.42734375 0.459375 0.034375 0.06796875
0 0.453125 0.45859375 0.05390625 0.13046875
0 0.51640625 0.4546875 0.0375 0.12578125
2 0.290625 0.46328125 0.02578125 0.05546875
2 0.82578125 0.46953125 0.040625 0.06875
0 0.48671875 0.45625 0.046875 0.11328125
2 0.765625 0.45390625 0.0484375 0.0671875
2 0.2578125 0.48671875 0.0390625 0.090625
2 0.30859375 0.48671875 0.03203125 0.0796875
2 0.60390625 0.475 0.03671875 0.08046875
2 0.7109375 0.46015625 0.04453125 0.08046875
2 0.6953125 0.4921875 0.04765625 0.09453125
2 0.7640625 0.48515625 0.04609375 0.071875