2 0.2578125 0.47890625 0.04453125 0.08515625
2 0.2921875 0.459375 0.05390625 0.0890625
2 0.30703125 0.48203125 0.04453125 0.08359375
2 0.35546875 0.48046875 0.046875 0.096875
0 0.4265625 0.43203125 0.034375 0.10078125
2 0.4484375 0.49921875 0.05546875 0.1046875
2 0.490625 0.47578125 0.04375 0.1
2 0.5203125 0.46328125 0.040625 0.0859375
2 0.6046875 0.46875 0.0421875 0.0859375
2 0.628125 0.4609375 0.0328125 0.08203125
2 0.684375 0.48828125 0.04765625 0.0828125
2 0.70703125 0.46953125 0.0484375 0.09609375
2 0.76015625 0.4515625 0.04140625 0.06796875
2 0.825 0.46875 0.040625 0.06875
2 0.76484375 0.48515625 0.05 0.09765625