2 0.35234375 0.4890625 0.04453125 0.07890625
0 0.4515625 0.46328125 0.03359375 0.140625
2 0.4921875 0.47890625 0.02421875 0.090625
2 0.60859375 0.47734375 0.053125 0.10546875
2 0.60625 0.48515625 0.04765625 0.1015625
0 0.8234375 0.459375 0.03828125 0.09765625
2 0.7703125 0.5015625 0.04296875 0.11328125
2 0.68828125 0.4953125 0.040625 0.0875
0 0.70859375 0.4484375 0.0484375 0.1265625
2 0.76328125 0.45703125 0.0390625 0.0640625
2 0.52421875 0.47265625 0.02578125 0.084375
2 0.42421875 0.4546875 0.028125 0.06171875
2 0.25859375 0.484375 0.04140625 0.07578125
2 0.296875 0.465625 0.0296875 0.0703125
2 0.31171875 0.48359375 0.0359375 0.06875