2 0.35625 0.48671875 0.04453125 0.08046875
2 0.621875 0.459375 0.03359375 0.08125
2 0.42734375 0.459375 0.034375 0.06796875
2 0.45390625 0.48359375 0.0515625 0.0796875
2 0.5171875 0.471875 0.03984375 0.09140625
2 0.290625 0.46328125 0.02578125 0.05546875
2 0.82578125 0.46953125 0.040625 0.06875
2 0.490625 0.4703125 0.03828125 0.08515625
2 0.7671875 0.45390625 0.04453125 0.0671875
2 0.2578125 0.48671875 0.0390625 0.090625
2 0.30859375 0.48671875 0.03203125 0.0796875
2 0.60390625 0.475 0.03671875 0.08046875
2 0.71484375 0.4609375 0.0359375 0.07890625
2 0.69140625 0.49375 0.0546875 0.09296875
2 0.7640625 0.48515625 0.04609375 0.071875