2 0.52890625 0.75 0.12734375 0.215625
2 0.68046875 0.76875 0.1234375 0.22265625
2 0.68984375 0.584375 0.07421875 0.12421875
2 0.52421875 0.60625 0.0796875 0.12265625
2 0.64765625 0.5390625 0.040625 0.07421875
2 0.65625 0.50234375 0.028125 0.046875
2 0.48359375 0.54609375 0.046875 0.12578125
2 0.428125 0.584375 0.05078125 0.14296875
2 0.35390625 0.603125 0.06328125 0.14609375
2 0.15625 0.57578125 0.05546875 0.12578125
2 0.23203125 0.58046875 0.06171875 0.12421875
2 0.25625 0.521875 0.0359375 0.07421875
2 0.30546875 0.52109375 0.0421875 0.071875
2 0.39765625 0.528125 0.03671875 0.0703125
2 0.43125 0.56640625 0.0515625 0.10390625
2 0.4421875 0.49296875 0.025 0.04453125
2 0.38359375 0.50390625 0.02109375 0.04453125