2 0.22578125 0.5734375 0.065625 0.1140625
2 0.15703125 0.5640625 0.06328125 0.1125
1 0.48359375 0.496875 0.05625 0.07890625
2 0.52734375 0.74296875 0.13125 0.2375
2 0.43828125 0.50625 0.0390625 0.06015625
2 0.34609375 0.525 0.03984375 0.06171875
2 0.6875 0.57109375 0.06328125 0.1109375
0 0.6875 0.70703125 0.12890625 0.346875
2 0.38046875 0.5109375 0.03203125 0.0546875
2 0.25703125 0.51328125 0.0375 0.053125
2 0.30546875 0.5203125 0.046875 0.07421875
1 0.34765625 0.565625 0.07421875 0.17578125
2 0.5296875 0.59296875 0.06875 0.0890625
2 0.6484375 0.52890625 0.05 0.07109375
2 0.66328125 0.50234375 0.0375 0.05
2 0.43359375 0.55625 0.05078125 0.0921875
2 0.40390625 0.53125 0.0421875 0.08515625