2 0.40390625 0.52890625 0.05078125 0.08984375
2 0.2265625 0.575 0.07109375 0.125
2 0.15546875 0.56640625 0.06875 0.121875
2 0.6921875 0.746875 0.11953125 0.2671875
0 0.4921875 0.49453125 0.05625 0.13046875
2 0.52421875 0.60546875 0.075 0.12109375
2 0.3796875 0.50546875 0.03203125 0.05703125
2 0.525 0.7515625 0.1359375 0.215625
2 0.259375 0.51953125 0.0453125 0.0703125
2 0.6546875 0.503125 0.0359375 0.05078125
2 0.43984375 0.503125 0.046875 0.06640625
2 0.3015625 0.51953125 0.0390625 0.078125
2 0.35 0.52578125 0.0515625 0.059375
2 0.646875 0.52734375 0.05078125 0.0671875
2 0.6859375 0.56796875 0.0609375 0.1109375
2 0.43203125 0.553125 0.0484375 0.09140625
2 0.34921875 0.58203125 0.06875 0.12421875