2 0.403125 0.528125 0.03125 0.090625
2 0.228125 0.578125 0.05625 0.11640625
2 0.16015625 0.5703125 0.059375 0.11328125
2 0.68125 0.77421875 0.11953125 0.234375
2 0.48671875 0.5203125 0.04609375 0.07734375
2 0.52421875 0.60546875 0.075 0.12109375
2 0.3796875 0.50546875 0.03203125 0.05703125
2 0.528125 0.74296875 0.12578125 0.215625
2 0.259375 0.52890625 0.0453125 0.08359375
2 0.6546875 0.503125 0.0359375 0.05078125
2 0.43984375 0.51015625 0.0375 0.07421875
2 0.3015625 0.51953125 0.0390625 0.078125
2 0.35078125 0.540625 0.0515625 0.059375
2 0.646875 0.52734375 0.05078125 0.0671875
2 0.6859375 0.56796875 0.0609375 0.1109375
2 0.43203125 0.553125 0.0484375 0.09140625
2 0.34921875 0.57890625 0.06875 0.103125