2 0.1609375 0.56875 0.06015625 0.115625
2 0.2296875 0.571875 0.0640625 0.10703125
2 0.25703125 0.515625 0.02890625 0.06015625
1 0.30078125 0.51796875 0.05390625 0.075
2 0.346875 0.5984375 0.06171875 0.13828125
2 0.3484375 0.52890625 0.0296875 0.07578125
2 0.3796875 0.52109375 0.03515625 0.07890625
2 0.4 0.53125 0.0390625 0.0828125
2 0.43828125 0.51171875 0.03359375 0.07265625
2 0.4859375 0.5328125 0.05546875 0.09609375
2 0.43515625 0.58125 0.0515625 0.1203125
2 0.69453125 0.74296875 0.08359375 0.25078125
2 0.5390625 0.76484375 0.11171875 0.22421875
0 0.52734375 0.57578125 0.06953125 0.14765625
2 0.68515625 0.575 0.05546875 0.09765625
2 0.65546875 0.50234375 0.0390625 0.046875
2 0.65078125 0.53125 0.0421875 0.0671875