2 0.40390625 0.52890625 0.05078125 0.08984375
2 0.2265625 0.57578125 0.07109375 0.125
0 0.15625 0.52109375 0.07421875 0.1734375
2 0.690625 0.7453125 0.1390625 0.253125
2 0.48515625 0.525 0.04921875 0.0796875
2 0.53046875 0.6046875 0.08046875 0.1234375
0 0.378125 0.484375 0.0453125 0.1109375
2 0.525 0.74375 0.1359375 0.23125
2 0.25078125 0.51640625 0.0453125 0.0703125
2 0.65625 0.49765625 0.04609375 0.06171875
2 0.43984375 0.503125 0.046875 0.06640625
2 0.30390625 0.51640625 0.04921875 0.084375
2 0.35 0.51796875 0.0515625 0.059375
0 0.6515625 0.49609375 0.05078125 0.13515625
2 0.684375 0.57109375 0.06796875 0.1171875
2 0.43203125 0.553125 0.0484375 0.09140625
2 0.353125 0.5875 0.07421875 0.1296875