2 0.43515625 0.49765625 0.0484375 0.07578125
0 0.378125 0.4890625 0.04609375 0.1
2 0.4015625 0.5234375 0.04921875 0.0953125
2 0.4328125 0.55859375 0.05234375 0.10859375
2 0.484375 0.53125 0.053125 0.11484375
2 0.30078125 0.5203125 0.05078125 0.09765625
2 0.25234375 0.515625 0.0421875 0.07734375
2 0.225 0.578125 0.06953125 0.11328125
0 0.15625 0.53671875 0.0703125 0.18828125
2 0.34921875 0.590625 0.07265625 0.12578125
2 0.65546875 0.503125 0.0375 0.065625
0 0.65 0.50546875 0.04375 0.12890625
2 0.68671875 0.56953125 0.06640625 0.11015625
2 0.52265625 0.6 0.0828125 0.11640625
2 0.53359375 0.7734375 0.125 0.28125
2 0.690625 0.77421875 0.13515625 0.3203125
2 0.35078125 0.528125 0.053125 0.08671875