2 0.1609375 0.56875 0.06015625 0.115625
2 0.2296875 0.571875 0.0640625 0.10703125
2 0.259375 0.51328125 0.034375 0.065625
2 0.30859375 0.51953125 0.0390625 0.071875
0 0.3546875 0.5640625 0.06328125 0.20703125
2 0.3484375 0.52890625 0.0296875 0.07578125
2 0.3796875 0.52109375 0.03515625 0.07890625
2 0.4 0.53125 0.0390625 0.0828125
2 0.43828125 0.51015625 0.03359375 0.075
0 0.490625 0.50546875 0.04921875 0.15
2 0.43515625 0.58125 0.0515625 0.1203125
0 0.68671875 0.67890625 0.09921875 0.37890625
2 0.5390625 0.76484375 0.11171875 0.22421875
2 0.53125 0.60546875 0.06171875 0.08828125
2 0.68515625 0.575 0.05546875 0.09765625
2 0.65546875 0.50234375 0.0390625 0.046875
2 0.65078125 0.53125 0.0421875 0.0671875