2 0.43515625 0.49765625 0.0484375 0.07578125
2 0.38359375 0.503125 0.0359375 0.07109375
2 0.4015625 0.5234375 0.04921875 0.0953125
2 0.4328125 0.55859375 0.05234375 0.10859375
0 0.48671875 0.5109375 0.053125 0.16640625
2 0.30078125 0.5234375 0.05078125 0.0921875
2 0.25234375 0.515625 0.0421875 0.07734375
2 0.225 0.578125 0.06953125 0.11328125
2 0.15859375 0.57265625 0.06484375 0.11796875
0 0.35 0.571875 0.07265625 0.20546875
2 0.65546875 0.50546875 0.0375 0.0609375
2 0.646875 0.5296875 0.05078125 0.08046875
2 0.68671875 0.56953125 0.06640625 0.11015625
2 0.52265625 0.60234375 0.0828125 0.11171875
2 0.53359375 0.7734375 0.125 0.28125
0 0.690625 0.7046875 0.13515625 0.45859375
2 0.35078125 0.528125 0.053125 0.08671875