2 0.22578125 0.5734375 0.065625 0.1140625
2 0.15703125 0.5640625 0.06328125 0.1125
2 0.48984375 0.51171875 0.04609375 0.059375
2 0.528125 0.7453125 0.1296875 0.2203125
2 0.43828125 0.50625 0.0390625 0.06015625
2 0.34921875 0.521875 0.03984375 0.06171875
2 0.6875 0.57109375 0.06328125 0.1109375
2 0.69375 0.74765625 0.1234375 0.2484375
1 0.37890625 0.5046875 0.03515625 0.0671875
2 0.25703125 0.51328125 0.0375 0.053125
2 0.30546875 0.521875 0.05390625 0.08125
2 0.3546875 0.59296875 0.06953125 0.121875
0 0.53203125 0.5515625 0.06328125 0.1890625
2 0.6484375 0.52890625 0.05 0.07109375
0 0.659375 0.47890625 0.0453125 0.09609375
2 0.43359375 0.55625 0.05078125 0.0921875
2 0.40390625 0.53125 0.0421875 0.08515625