2 0.40390625 0.52890625 0.05078125 0.08984375
2 0.2265625 0.57578125 0.07109375 0.125
2 0.15546875 0.56640625 0.06875 0.121875
2 0.690625 0.753125 0.1390625 0.27109375
2 0.4890625 0.51640625 0.05546875 0.0828125
0 0.53046875 0.56484375 0.08046875 0.203125
2 0.3796875 0.50546875 0.03203125 0.05703125
2 0.525 0.74375 0.1359375 0.23125
2 0.259375 0.51953125 0.0453125 0.0703125
0 0.65625 0.47890625 0.04609375 0.09921875
2 0.43984375 0.503125 0.046875 0.06640625
0 0.303125 0.51640625 0.05 0.08515625
2 0.35 0.52578125 0.0515625 0.059375
2 0.646875 0.52734375 0.05078125 0.0671875
2 0.68515625 0.57109375 0.06171875 0.1171875
2 0.43203125 0.553125 0.0484375 0.09140625
2 0.35859375 0.59609375 0.08515625 0.1453125