2 0.22578125 0.5734375 0.065625 0.1140625
2 0.1578125 0.56796875 0.06328125 0.1203125
2 0.4875 0.51796875 0.04609375 0.059375
2 0.528125 0.7453125 0.1296875 0.2203125
2 0.43828125 0.50625 0.0390625 0.06015625
2 0.34921875 0.521875 0.03984375 0.06171875
2 0.6875 0.57109375 0.06328125 0.1109375
2 0.69375 0.74765625 0.1234375 0.2484375
2 0.38125 0.5078125 0.03359375 0.0703125
2 0.25703125 0.51328125 0.0375 0.053125
2 0.30546875 0.52265625 0.05234375 0.0796875
2 0.35234375 0.6 0.07421875 0.13828125
2 0.52734375 0.5984375 0.075 0.1046875
2 0.64765625 0.5296875 0.0515625 0.08203125
2 0.659375 0.50234375 0.0453125 0.0484375
2 0.43359375 0.55625 0.05078125 0.0921875
2 0.40390625 0.53125 0.0421875 0.08515625