0 0.245522 0.630009 0.066514 0.272413
0 0.070352 0.749019 0.061543 0.303872
0 0.441694 0.590790 0.034521 0.230503
0 0.472422 0.603524 0.026934 0.169132
0 0.485054 0.578073 0.037041 0.172118
0 0.605869 0.641684 0.061465 0.335278
0 0.540195 0.649922 0.031152 0.073351
0 0.557881 0.627465 0.017676 0.070347
0 0.712378 0.587049 0.042100 0.127222
0 0.795283 0.590043 0.044668 0.229010
0 0.755737 0.575825 0.032842 0.176615
0 0.730479 0.562352 0.024414 0.128733
0 0.838667 0.571337 0.021885 0.140694
0 0.973384 0.552622 0.018525 0.109271
0 0.945596 0.553377 0.028633 0.098802
0 0.912339 0.590833 0.022725 0.074931
0 0.981802 0.652161 0.033682 0.086823
0 0.952754 0.666380 0.024414 0.079323
0 0.918638 0.667127 0.023604 0.074844
0 0.882871 0.655156 0.019355 0.098785
0 0.857173 0.630460 0.020244 0.085330
0 0.858877 0.631962 0.016836 0.082326
0 0.649648 0.653655 0.022734 0.047899
0 0.940542 0.640191 0.011787 0.065868
