0 0.041016 0.369087 0.020937 0.065288
0 0.039268 0.429221 0.020938 0.051558
0 0.028799 0.591596 0.031406 0.280077
0 0.061074 0.440404 0.019219 0.087654
0 0.105581 0.394000 0.027920 0.135731
0 0.112998 0.628538 0.032285 0.230231
0 0.068062 0.651731 0.043623 0.242269
0 0.158369 0.514269 0.028789 0.125423
0 0.118237 0.506548 0.035771 0.075596
0 0.188477 0.668058 0.034902 0.250846
0 0.226865 0.629394 0.041875 0.297250
0 0.231226 0.458433 0.019189 0.054981
0 0.208105 0.337298 0.032285 0.156365
0 0.227300 0.394856 0.018330 0.106519
0 0.259146 0.190394 0.048857 0.106519
0 0.317173 0.180942 0.056709 0.135731
0 0.266128 0.329567 0.029658 0.134019
0 0.295796 0.377673 0.022686 0.127154
0 0.301465 0.651731 0.044492 0.273192
0 0.344219 0.635404 0.037520 0.298962
0 0.381738 0.609635 0.039258 0.323038
0 0.431035 0.596750 0.034902 0.249154
0 0.491675 0.627673 0.035771 0.293808
0 0.525703 0.603615 0.023555 0.252577
0 0.530068 0.455856 0.021816 0.042942
0 0.452852 0.414615 0.034902 0.115115
0 0.416206 0.371663 0.036650 0.146058
0 0.394390 0.200702 0.038389 0.151212
0 0.436274 0.251385 0.027920 0.125423
0 0.458521 0.162048 0.035771 0.139173
0 0.507817 0.247096 0.031416 0.120269
0 0.561479 0.241077 0.041006 0.080769
0 0.568027 0.346740 0.034902 0.134019
0 0.497349 0.367365 0.031416 0.120269
0 0.559297 0.147433 0.050605 0.106519
0 0.618193 0.151731 0.041016 0.149500
0 0.626919 0.254779 0.025303 0.098019
0 0.637393 0.339019 0.028789 0.125423
0 0.686250 0.295202 0.032285 0.120288
0 0.667490 0.397433 0.026172 0.060135
0 0.598560 0.449837 0.033154 0.054981
0 0.592456 0.596750 0.041885 0.228538
0 0.672729 0.475615 0.036650 0.096231
0 0.645679 0.594173 0.024424 0.154654
0 0.691484 0.649154 0.037520 0.244000
0 0.742969 0.442971 0.042754 0.154635
0 0.716792 0.578702 0.028799 0.233673
0 0.807095 0.498808 0.033154 0.183846
0 0.776558 0.638846 0.041885 0.271462
0 0.885190 0.170635 0.051475 0.152923
0 0.846362 0.326990 0.033154 0.166673
0 0.876025 0.370808 0.031406 0.140885
0 0.924453 0.369952 0.032285 0.139173
0 0.961968 0.343308 0.030537 0.120269
0 0.967207 0.491077 0.034023 0.175269
0 0.927505 0.441250 0.024424 0.120269
0 0.924038 0.620846 0.036689 0.218308
0 0.883882 0.599327 0.036650 0.247423
0 0.845488 0.515990 0.034902 0.201019
0 0.921836 0.924067 0.042754 0.140904
0 0.878208 0.922346 0.039268 0.140885
0 0.810586 0.933519 0.036641 0.132308
0 0.767383 0.923212 0.042773 0.125423
0 0.712427 0.936096 0.034033 0.109962
0 0.656147 0.923212 0.054092 0.125423
0 0.600308 0.922346 0.047119 0.130577
0 0.546646 0.930077 0.041006 0.111692
0 0.492549 0.925788 0.021816 0.082462
0 0.453286 0.943827 0.047998 0.108231
0 0.380869 0.941250 0.032285 0.106538
0 0.337676 0.922346 0.041875 0.096231
0 0.321973 0.971317 0.024434 0.032635
0 0.278369 0.923125 0.038379 0.091250
0 0.242134 0.920625 0.028799 0.113404
0 0.180620 0.923212 0.038389 0.084192
0 0.217700 0.954135 0.030537 0.077308
0 0.131763 0.926644 0.052354 0.115135
0 0.068066 0.923212 0.026172 0.101385
0 0.044507 0.904308 0.024424 0.101385
0 0.013530 0.898298 0.025303 0.075596
