0 0.426587 0.460195 0.020615 0.079036
0 0.405967 0.460189 0.015469 0.054987
0 0.909189 0.464486 0.021914 0.067018
0 0.879551 0.454180 0.016758 0.063568
0 0.721689 0.461908 0.012891 0.054987
0 0.737153 0.461048 0.015459 0.049831
0 0.705581 0.458470 0.021904 0.054987
0 0.643726 0.456751 0.014170 0.054987
0 0.514219 0.455033 0.010313 0.041237
0 0.309961 0.461048 0.016758 0.063581
0 0.260991 0.465345 0.019326 0.061862
0 0.181743 0.472214 0.023193 0.089349
0 0.152749 0.447305 0.019326 0.042943
0 0.119888 0.463626 0.018037 0.041237
0 0.599268 0.468783 0.012891 0.048112
0 0.492310 0.466204 0.015459 0.070456
0 0.799653 0.444727 0.011592 0.013750
