0 0.090894 0.686999 0.095361 0.213060
0 0.255195 0.664661 0.068301 0.261172
0 0.339604 0.619987 0.038662 0.168385
0 0.395034 0.635456 0.056670 0.164948
0 0.474912 0.578750 0.048965 0.171823
0 0.524526 0.615690 0.045107 0.166667
0 0.579292 0.619987 0.046396 0.154635
0 0.635996 0.633730 0.054121 0.161523
0 0.661123 0.561569 0.039941 0.113398
0 0.737153 0.611393 0.047686 0.192448
0 0.808672 0.681842 0.054121 0.274909
0 0.957148 0.791667 0.072168 0.258203
0 0.950430 0.622559 0.054121 0.197591
0 0.843467 0.585618 0.072168 0.130586
