0 0.199780 0.754004 0.042529 0.109961
0 0.288052 0.739401 0.038662 0.115130
0 0.254551 0.721361 0.030938 0.103086
0 0.427231 0.744557 0.041240 0.101380
0 0.331870 0.779779 0.030928 0.103099
0 0.318984 0.716204 0.020625 0.027487
0 0.483286 0.654349 0.029639 0.061849
0 0.404038 0.665521 0.020615 0.067005
0 0.431743 0.654349 0.021904 0.058411
0 0.462026 0.687852 0.020615 0.077318
0 0.531616 0.644902 0.023193 0.056706
0 0.886621 0.734245 0.060547 0.149479
0 0.490381 0.822734 0.033496 0.068724
0 0.543208 0.820156 0.028350 0.077318
0 0.621177 0.875970 0.163662 0.188945
0 0.806738 0.841634 0.060566 0.075612
0 0.820913 0.930117 0.088916 0.077318
0 0.913057 0.843353 0.054121 0.068737
0 0.947852 0.922396 0.077324 0.089349
0 0.026460 0.643184 0.018037 0.039518
0 0.041924 0.637168 0.012891 0.041237
0 0.058677 0.619128 0.020615 0.022344
0 0.091533 0.625137 0.014180 0.024049
0 0.101846 0.617409 0.009023 0.022344
0 0.027104 0.539225 0.024482 0.030924
0 0.077358 0.533216 0.011592 0.022344
0 0.061895 0.537507 0.009023 0.034362
0 0.051587 0.546100 0.016748 0.030924
0 0.221045 0.497988 0.015469 0.041237
0 0.109575 0.497135 0.011592 0.022344
0 0.122461 0.503145 0.011602 0.027487
0 0.133418 0.503145 0.007734 0.034362
0 0.146304 0.500566 0.012881 0.029206
0 0.157256 0.500566 0.009023 0.029206
0 0.168213 0.502285 0.007734 0.025768
0 0.189473 0.502285 0.014180 0.032643
0 0.239087 0.587337 0.012881 0.030924
0 0.262285 0.583900 0.015469 0.020612
0 0.279033 0.601087 0.012891 0.034362
0 0.316406 0.577891 0.010312 0.022344
0 0.330581 0.585618 0.018037 0.024049
0 0.287412 0.576172 0.014180 0.012031
0 0.306099 0.578750 0.012881 0.020625
0 0.061250 0.642324 0.015469 0.030924
0 0.431099 0.571016 0.012881 0.036094
0 0.395659 0.570156 0.009014 0.020625
0 0.360898 0.577031 0.014141 0.027500
0 0.361445 0.581328 0.002715 0.012031
0 0.646948 0.550397 0.009014 0.032643
0 0.636641 0.460189 0.011602 0.024049
0 0.308027 0.496270 0.011602 0.034362
0 0.608931 0.505723 0.010303 0.029206
0 0.472334 0.565866 0.012891 0.032643
0 0.340239 0.612253 0.019346 0.036094
0 0.300298 0.622559 0.014170 0.025768
0 0.570273 0.571875 0.012891 0.034375
0 0.507129 0.566719 0.018047 0.024063
0 0.584448 0.461908 0.010303 0.017174
