0 0.079438 0.579583 0.067607 0.305842
0 0.230142 0.605359 0.100850 0.494846
0 0.314946 0.600198 0.073350 0.360835
0 0.149922 0.573565 0.052715 0.190732
0 0.412358 0.564122 0.036670 0.199312
0 0.580254 0.555527 0.024062 0.182123
0 0.606040 0.544356 0.022920 0.135739
0 0.659336 0.578719 0.028652 0.290381
0 0.689702 0.576142 0.022920 0.240542
0 0.703452 0.491098 0.011455 0.053265
0 0.274839 0.541779 0.022920 0.144319
0 0.290879 0.545212 0.013750 0.137452
0 0.897710 0.589034 0.019482 0.080761
0 0.877090 0.574422 0.021758 0.037804
0 0.764194 0.584736 0.029795 0.065286
0 0.807744 0.576149 0.020625 0.048111
0 0.839829 0.581296 0.022920 0.044671
0 0.730957 0.575286 0.013750 0.053265
0 0.713770 0.573565 0.018340 0.039517
0 0.037031 0.887994 0.067617 0.149488
0 0.013540 0.585593 0.018330 0.063572
