0 0.911328 0.346799 0.053711 0.125433
0 0.851909 0.358825 0.042275 0.211336
0 0.787349 0.467930 0.093701 0.343642
0 0.721641 0.461057 0.083418 0.364258
0 0.581094 0.459339 0.069707 0.333333
0 0.487393 0.467930 0.042285 0.305844
0 0.065176 0.421535 0.047988 0.168385
0 0.021182 0.419816 0.033145 0.158076
0 0.357129 0.437863 0.058281 0.204479
0 0.215435 0.427555 0.023994 0.128855
0 0.107451 0.427555 0.025137 0.087621
0 0.182871 0.430991 0.011426 0.135727
0 0.691934 0.477379 0.037715 0.218223
0 0.530244 0.440441 0.031992 0.192452
