0 0.159443 0.584772 0.194258 0.778355
0 0.536528 0.607107 0.182822 0.761175
0 0.035464 0.637173 0.065127 0.151204
0 0.402266 0.512606 0.058281 0.080749
0 0.688506 0.430991 0.066270 0.109971
0 0.797061 0.469648 0.057129 0.111689
0 0.760493 0.586490 0.079990 0.118561
0 0.887900 0.574464 0.083418 0.152922
0 0.883901 0.433568 0.063994 0.118561
0 0.918755 0.337349 0.069697 0.101366
0 0.762207 0.148341 0.060566 0.108253
0 0.627944 0.176696 0.098271 0.068722
0 0.731357 0.055558 0.058281 0.063568
0 0.882759 0.045250 0.059424 0.077313
0 0.898188 0.130301 0.065127 0.099662
0 0.695933 0.346799 0.051416 0.075595
0 0.754209 0.019618 0.044570 0.039236
0 0.915898 0.025631 0.054844 0.051263
