0 0.888994 0.731650 0.058223 0.335058
0 0.960029 0.706729 0.065215 0.340202
0 0.096558 0.739380 0.059385 0.336772
0 0.356821 0.735937 0.055889 0.395187
0 0.198452 0.755706 0.062881 0.390029
0 0.145469 0.707586 0.043086 0.252579
0 0.267754 0.717896 0.059414 0.328184
0 0.444155 0.713602 0.044248 0.268040
0 0.510547 0.711888 0.062891 0.333343
0 0.582153 0.752262 0.050068 0.427839
0 0.622910 0.728213 0.033770 0.376282
0 0.653770 0.718761 0.027949 0.343631
0 0.700928 0.720476 0.026777 0.340202
0 0.745762 0.697277 0.027949 0.331614
0 0.095396 0.562399 0.068701 0.051542
0 0.153618 0.552954 0.022119 0.049827
0 0.214751 0.537486 0.023291 0.042954
0 0.246196 0.565836 0.020967 0.068732
0 0.303257 0.680965 0.023291 0.295533
0 0.321323 0.602781 0.031475 0.146052
0 0.391177 0.650036 0.026787 0.216499
0 0.421450 0.575288 0.031436 0.046398
0 0.468613 0.570137 0.018633 0.039524
0 0.448237 0.564121 0.010479 0.037810
0 0.790015 0.714467 0.044248 0.355677
0 0.841250 0.703293 0.030273 0.316153
