0 0.471953 0.594180 0.063027 0.247423
0 0.731533 0.588177 0.075645 0.204466
0 0.097773 0.867379 0.123770 0.233675
0 0.205503 0.827862 0.073350 0.178682
0 0.369956 0.891435 0.097412 0.195871
0 0.311514 0.716179 0.067617 0.065300
0 0.349902 0.769444 0.059590 0.068726
0 0.451899 0.775454 0.066475 0.097936
0 0.526963 0.757416 0.046992 0.085900
0 0.494307 0.900886 0.064180 0.176969
0 0.603179 0.901750 0.082510 0.151201
0 0.608335 0.749678 0.046982 0.101376
0 0.819204 0.906896 0.090537 0.144334
0 0.966616 0.889876 0.066768 0.220249
0 0.827222 0.759993 0.097412 0.135739
0 0.662769 0.856208 0.066475 0.170102
0 0.728667 0.784048 0.046982 0.128858
0 0.652456 0.729063 0.041260 0.060146
0 0.680532 0.757416 0.033232 0.044671
0 0.890259 0.771157 0.030947 0.137452
0 0.959590 0.729919 0.045840 0.044671
