0 0.060327 0.776927 0.109795 0.261849
0 0.301558 0.686204 0.047939 0.175247
0 0.361870 0.719193 0.047939 0.220625
0 0.395117 0.694453 0.040215 0.212370
0 0.588418 0.714036 0.027832 0.210312
0 0.676558 0.676927 0.055674 0.185573
0 0.536616 0.652188 0.057217 0.189688
0 0.762383 0.636719 0.035566 0.121641
0 0.918569 0.620221 0.041748 0.117526
0 0.954141 0.614036 0.026289 0.105156
0 0.722954 0.631569 0.030928 0.111341
0 0.692026 0.608887 0.030928 0.078346
0 0.287642 0.560430 0.013916 0.014427
0 0.298472 0.562493 0.004639 0.014440
0 0.314702 0.562493 0.006182 0.018555
