0 0.104580 0.343047 0.091797 0.160827
0 0.165513 0.428620 0.061729 0.076298
0 0.215366 0.389447 0.072803 0.117519
0 0.339604 0.466762 0.077549 0.309275
0 0.385498 0.410064 0.030078 0.125776
0 0.156016 0.565738 0.083887 0.197939
0 0.265220 0.562640 0.083877 0.191743
0 0.443267 0.551298 0.085459 0.148448
0 0.498657 0.492538 0.075967 0.162888
0 0.576997 0.544084 0.080713 0.109288
0 0.511318 0.378104 0.047480 0.094835
0 0.423481 0.371921 0.042725 0.123715
0 0.577788 0.433772 0.056982 0.098969
0 0.672744 0.458518 0.094961 0.243295
0 0.793027 0.497691 0.056973 0.193804
0 0.746338 0.450267 0.064883 0.086590
0 0.856333 0.501813 0.063311 0.185560
0 0.925967 0.460579 0.044316 0.144338
0 0.368882 0.179135 0.069639 0.142265
0 0.085586 0.237894 0.047480 0.045356
0 0.278672 0.389447 0.044316 0.092786
