0 0.145947 0.369136 0.215195 0.099180
0 0.335083 0.211428 0.258311 0.129297
0 0.589585 0.228477 0.352061 0.181435
0 0.293218 0.791369 0.045381 0.107218
0 0.237524 0.790337 0.038506 0.113411
0 0.195576 0.790337 0.037129 0.080410
0 0.129565 0.781054 0.034385 0.098975
0 0.081431 0.773836 0.045381 0.105154
0 0.047739 0.765586 0.035752 0.117526
0 0.186636 0.965783 0.038506 0.068433
0 0.245083 0.949100 0.034385 0.072167
0 0.922393 0.902701 0.016504 0.032987
0 0.961587 0.870747 0.009619 0.018565
0 0.976714 0.852196 0.023389 0.035051
0 0.957461 0.773843 0.034375 0.047423
0 0.650781 0.820227 0.023379 0.037116
0 0.716797 0.843946 0.023379 0.026808
0 0.538013 0.881061 0.020635 0.072167
0 0.484375 0.926420 0.023379 0.030937
0 0.432808 0.965593 0.044014 0.047408
0 0.339287 0.915081 0.035762 0.090717
0 0.452744 0.754253 0.020625 0.032987
0 0.430059 0.710959 0.016504 0.057731
0 0.447246 0.716105 0.012383 0.030922
0 0.472002 0.710952 0.026133 0.074231
0 0.648716 0.733638 0.022002 0.057731
0 0.647344 0.772804 0.022012 0.032987
0 0.703730 0.754253 0.030254 0.090732
0 0.736733 0.701676 0.024756 0.055681
0 0.766304 0.661471 0.034385 0.061859
0 0.782803 0.726420 0.026133 0.076296
0 0.804810 0.673836 0.017881 0.070102
0 0.463062 0.833638 0.027510 0.043294
0 0.485063 0.873843 0.027510 0.057731
0 0.517383 0.825381 0.015137 0.022679
0 0.209331 0.724356 0.015127 0.026808
0 0.266387 0.708895 0.022031 0.053602
0 0.287715 0.665593 0.026133 0.045359
0 0.217578 0.692401 0.020625 0.045359
0 0.242334 0.681061 0.012383 0.043294
0 0.053926 0.648067 0.023379 0.026794
0 0.088306 0.642914 0.015127 0.045359
0 0.097246 0.656310 0.022012 0.059795
0 0.016792 0.631574 0.015127 0.047423
0 0.035361 0.608887 0.013750 0.035051
0 0.338599 0.567665 0.017881 0.039195
0 0.595083 0.836728 0.022002 0.032987
0 0.497441 0.960439 0.024746 0.033001
0 0.451372 0.938792 0.031631 0.047423
0 0.742236 0.964561 0.016504 0.049473
0 0.806182 0.477965 0.023379 0.065974
0 0.254023 0.565593 0.016504 0.030922
0 0.293218 0.564561 0.017881 0.032987
0 0.263647 0.631567 0.022002 0.035051
0 0.415615 0.649092 0.023379 0.045359
0 0.448623 0.585176 0.020625 0.057731
0 0.563457 0.588272 0.013750 0.030922
0 0.496758 0.505798 0.037129 0.076281
0 0.328291 0.498580 0.033008 0.049488
0 0.300093 0.498587 0.012373 0.032987
0 0.266401 0.538792 0.019248 0.018551
0 0.121313 0.518170 0.020635 0.030922
0 0.270532 0.466625 0.022021 0.051552
0 0.831626 0.803734 0.024756 0.041230
0 0.795869 0.808895 0.019258 0.022679
0 0.763550 0.821259 0.017881 0.063924
0 0.679663 0.823324 0.015127 0.035051
0 0.698916 0.831567 0.012383 0.035051
0 0.970522 0.475900 0.024756 0.074231
0 0.424556 0.504766 0.027510 0.061859
0 0.454810 0.504773 0.022002 0.070102
0 0.328975 0.655286 0.023379 0.065974
0 0.367480 0.642906 0.020625 0.037116
0 0.243022 0.607855 0.019248 0.037116
0 0.696162 0.660439 0.020625 0.026794
0 0.715415 0.654253 0.015127 0.047423
0 0.678286 0.675900 0.017881 0.041230
0 0.562075 0.504773 0.024756 0.070102
