0 0.833560 0.785433 0.042197 0.200000
0 0.734531 0.812882 0.036719 0.181449
0 0.572466 0.786252 0.072881 0.125764
0 0.484243 0.882126 0.067764 0.164945
0 0.376206 0.790378 0.063936 0.183496
0 0.445889 0.738835 0.049863 0.150520
0 0.392827 0.647079 0.056260 0.111354
0 0.463789 0.594504 0.044746 0.101039
0 0.820518 0.637803 0.019180 0.076299
0 0.771929 0.653268 0.037080 0.086598
0 0.739326 0.607898 0.030684 0.082472
0 0.722705 0.680071 0.030684 0.045370
0 0.690103 0.745016 0.031963 0.129906
0 0.643433 0.713063 0.046025 0.152583
0 0.897852 0.758425 0.023047 0.061858
0 0.896592 0.660488 0.020449 0.084535
0 0.192729 0.586252 0.037080 0.125764
0 0.307163 0.631614 0.046025 0.121654
0 0.300767 0.759449 0.053701 0.142268
0 0.096836 0.715126 0.054980 0.090724
0 0.135190 0.797591 0.037080 0.070110
0 0.072539 0.605843 0.034531 0.094835
0 0.105781 0.604811 0.039629 0.125780
0 0.140303 0.623362 0.026855 0.051543
0 0.491919 0.531614 0.026846 0.065969
0 0.459951 0.517181 0.026855 0.057732
0 0.408169 0.520276 0.025576 0.059795
0 0.367896 0.501717 0.026846 0.047433
0 0.328271 0.504795 0.031934 0.061874
0 0.571187 0.609961 0.037080 0.136079
0 0.622334 0.603780 0.024297 0.061858
0 0.590371 0.504811 0.021738 0.070094
0 0.559683 0.523370 0.031963 0.041228
0 0.535391 0.583165 0.024297 0.053606
0 0.190171 0.699654 0.044756 0.101039
0 0.229805 0.518213 0.031973 0.096898
0 0.031621 0.881102 0.049863 0.183496
0 0.087241 0.880071 0.043467 0.140205
0 0.869102 0.589346 0.016621 0.053622
0 0.922803 0.597591 0.014062 0.049480
0 0.950288 0.612024 0.015342 0.041244
0 0.871021 0.527488 0.015342 0.037118
0 0.754028 0.554283 0.029404 0.028882
0 0.475293 0.447079 0.019180 0.032992
0 0.649824 0.440890 0.023008 0.024740
0 0.671558 0.429559 0.012783 0.022677
0 0.702241 0.414087 0.017900 0.024740
0 0.542422 0.483165 0.015352 0.030929
0 0.521963 0.463575 0.023008 0.024756
0 0.536030 0.440898 0.015342 0.012378
0 0.961802 0.801717 0.017900 0.127843
0 0.965635 0.687283 0.035801 0.035039
0 0.507261 0.679039 0.039639 0.142268
0 0.156929 0.920268 0.072881 0.142268
0 0.094272 0.502748 0.029404 0.086598
