0 0.103433 0.599619 0.061885 0.115461
0 0.235459 0.596523 0.050879 0.138141
0 0.372983 0.658382 0.059131 0.142269
0 0.483003 0.588272 0.042627 0.088668
0 0.550391 0.577965 0.050879 0.105154
0 0.623965 0.616113 0.044004 0.127833
0 0.660410 0.570747 0.042637 0.078360
0 0.744985 0.599612 0.057764 0.098960
0 0.727104 0.524341 0.041260 0.055710
0 0.773867 0.514048 0.046758 0.088653
0 0.836440 0.546003 0.059131 0.164949
0 0.919639 0.580022 0.049512 0.121654
0 0.980449 0.539817 0.039102 0.169063
0 0.518071 0.489305 0.079756 0.076296
0 0.582021 0.482094 0.039883 0.094846
0 0.317969 0.646003 0.039883 0.088668
0 0.422490 0.523324 0.050879 0.111332
0 0.317285 0.541881 0.041250 0.115476
0 0.126128 0.489305 0.082510 0.072167
0 0.201768 0.485183 0.030254 0.055666
0 0.235459 0.504773 0.037129 0.045359
0 0.192139 0.570747 0.044004 0.119590
0 0.319351 0.463529 0.031631 0.041230
0 0.134375 0.552196 0.033008 0.070102
0 0.049116 0.511984 0.038506 0.072167
0 0.025737 0.533631 0.041260 0.090717
0 0.626714 0.536728 0.038506 0.051552
