0 0.378213 0.144310 0.032815 0.128700
0 0.731838 0.288870 0.026769 0.190260
0 0.682185 0.326180 0.025907 0.212640
0 0.655412 0.309380 0.022454 0.197720
0 0.574671 0.275820 0.031954 0.238760
0 0.595394 0.471660 0.037139 0.141760
0 0.477519 0.614370 0.058722 0.184660
0 0.487884 0.449290 0.041454 0.130580
0 0.491333 0.291670 0.031093 0.158540
0 0.513356 0.260890 0.040583 0.223820
0 0.520264 0.126590 0.026769 0.104460
0 0.459815 0.288870 0.025037 0.164140
0 0.434338 0.270210 0.022454 0.149220
0 0.412755 0.230110 0.022454 0.143620
0 0.388139 0.355090 0.042315 0.203300
0 0.356620 0.218920 0.031093 0.076480
0 0.340213 0.321520 0.034537 0.192120
0 0.313431 0.315920 0.020750 0.229440
0 0.224065 0.459550 0.040593 0.210780
0 0.336759 0.604110 0.039722 0.149220
0 0.296171 0.578920 0.034546 0.147360
0 0.117412 0.582650 0.043176 0.236900
0 0.254287 0.369080 0.037130 0.216360
0 0.958093 0.424110 0.049222 0.363740
0 0.946005 0.293530 0.033676 0.113780
0 0.815602 0.257160 0.028500 0.201440
0 0.787102 0.369080 0.028500 0.156680
0 0.758606 0.352290 0.021583 0.152940
0 0.904546 0.356020 0.040593 0.130560
