0 0.184343 0.455820 0.054407 0.207040
0 0.267241 0.348560 0.037130 0.167880
0 0.268968 0.521100 0.047491 0.136160
0 0.299194 0.203070 0.028500 0.164140
0 0.320782 0.279540 0.018139 0.141760
0 0.347120 0.231970 0.031093 0.098860
0 0.345394 0.330840 0.034546 0.184680
0 0.401093 0.204940 0.028500 0.097000
0 0.425704 0.276750 0.013815 0.169740
0 0.442977 0.324310 0.029361 0.186540
0 0.389435 0.344830 0.038000 0.193980
0 0.560852 0.252500 0.033685 0.214520
0 0.830713 0.363480 0.027630 0.156680
0 0.790125 0.359750 0.029361 0.171620
0 0.841940 0.223580 0.031083 0.126840
0 0.902389 0.357890 0.044907 0.130580
0 0.916639 0.285140 0.031944 0.097000
0 0.714565 0.297270 0.031944 0.199580
0 0.661458 0.337360 0.031083 0.212640
0 0.623028 0.316850 0.025037 0.179060
0 0.622597 0.194670 0.022454 0.083940
0 0.460250 0.612500 0.053537 0.188400
0 0.612236 0.478200 0.043176 0.147360
0 0.494792 0.469810 0.034546 0.149220
0 0.474500 0.300060 0.023315 0.160400
0 0.488750 0.234780 0.025833 0.186520
0 0.520699 0.174160 0.022454 0.173480
0 0.322509 0.602240 0.040593 0.160400
0 0.099713 0.636750 0.047500 0.270460
