0 0.559556 0.246900 0.032815 0.203320
0 0.620870 0.187210 0.020722 0.072740
0 0.429593 0.265540 0.018130 0.147320
0 0.489176 0.195610 0.026778 0.074620
0 0.477949 0.304730 0.031954 0.166020
0 0.388139 0.350420 0.037130 0.208920
0 0.102306 0.615290 0.049222 0.216380
0 0.189954 0.439960 0.058722 0.175320
0 0.271995 0.539760 0.062176 0.147360
0 0.328556 0.605040 0.044037 0.177200
0 0.455065 0.598510 0.051815 0.171620
0 0.493065 0.463280 0.038000 0.136160
0 0.607486 0.489390 0.033676 0.166020
0 0.920528 0.284210 0.025907 0.083940
0 0.822509 0.357880 0.023315 0.126840
0 0.787537 0.355090 0.025907 0.158540
0 0.910593 0.351360 0.040593 0.121240
0 0.838921 0.234780 0.026769 0.141760
0 0.716722 0.313120 0.032815 0.208920
0 0.657134 0.329950 0.029361 0.205100
0 0.620870 0.306590 0.025907 0.188380
0 0.519833 0.154570 0.019000 0.145500
0 0.262491 0.370940 0.039722 0.201440
0 0.319056 0.290740 0.016407 0.152960
0 0.350144 0.262770 0.037139 0.138060
0 0.340213 0.325240 0.022444 0.173480
0 0.441250 0.346700 0.020722 0.227560
0 0.409731 0.207730 0.030222 0.080220
