0 0.899796 0.358820 0.032815 0.143640
0 0.790560 0.263690 0.038861 0.210780
0 0.750403 0.396120 0.022454 0.218240
0 0.721477 0.389600 0.026769 0.208920
0 0.698593 0.342030 0.019000 0.214500
0 0.747810 0.238510 0.022454 0.108180
0 0.145051 0.550940 0.063898 0.233160
0 0.309125 0.592910 0.032824 0.171620
0 0.349713 0.606900 0.048352 0.147360
0 0.256019 0.499650 0.056130 0.231300
0 0.308264 0.300990 0.024176 0.180940
0 0.334167 0.305660 0.031093 0.156680
0 0.373028 0.215190 0.034537 0.080220
0 0.382528 0.346700 0.032815 0.197720
0 0.418366 0.240370 0.030231 0.164140
0 0.445569 0.274880 0.022454 0.166000
0 0.473199 0.279550 0.024176 0.149220
0 0.519403 0.191880 0.026769 0.082080
0 0.521991 0.130320 0.018130 0.082080
0 0.506449 0.295400 0.028491 0.173480
0 0.471051 0.443690 0.037157 0.149220
0 0.487019 0.619960 0.051815 0.184680
0 0.585032 0.470740 0.037139 0.147360
0 0.585032 0.265550 0.038861 0.210780
0 0.651093 0.268350 0.020722 0.231300
0 0.673116 0.312190 0.025046 0.210780
0 0.951181 0.411040 0.044046 0.315240
0 0.249542 0.319650 0.043176 0.128700
