0 0.703796 0.314990 0.029315 0.220100
0 0.908005 0.353220 0.033676 0.110040
0 0.336329 0.207730 0.025046 0.039180
0 0.346259 0.335500 0.025907 0.186520
0 0.399796 0.216120 0.019000 0.126840
0 0.425273 0.209590 0.028491 0.057820
0 0.426569 0.223580 0.024176 0.070880
0 0.483458 0.233720 0.029361 0.158520
0 0.519833 0.174150 0.020722 0.184660
0 0.556102 0.269290 0.032815 0.236900
0 0.618713 0.196540 0.021593 0.072760
0 0.611801 0.300060 0.025046 0.167880
0 0.648069 0.316850 0.031954 0.179060
0 0.469315 0.314060 0.026778 0.177200
0 0.388144 0.350430 0.038861 0.216380
0 0.269403 0.347620 0.036269 0.188400
0 0.087620 0.652610 0.059574 0.261140
0 0.261625 0.516440 0.048361 0.167880
0 0.321218 0.584520 0.048361 0.158560
0 0.458519 0.612500 0.051815 0.195840
0 0.499537 0.468870 0.042315 0.143620
0 0.616120 0.467930 0.044037 0.134300
0 0.808694 0.347630 0.028500 0.154820
0 0.845394 0.354150 0.029361 0.149220
0 0.851440 0.226390 0.031083 0.128700
0 0.309574 0.162960 0.031926 0.106320
0 0.176569 0.478200 0.050954 0.248080
0 0.321218 0.295400 0.017269 0.136160
