0 0.630370 0.288870 0.027630 0.152940
0 0.102736 0.633950 0.055269 0.257420
0 0.192972 0.434360 0.049222 0.167880
0 0.274153 0.538820 0.045769 0.141760
0 0.326829 0.594780 0.047491 0.138040
0 0.463269 0.606910 0.063037 0.184660
0 0.488315 0.459550 0.044037 0.124980
0 0.607056 0.459550 0.046630 0.128700
0 0.617417 0.181620 0.027630 0.065280
0 0.665343 0.321520 0.028500 0.192120
0 0.717157 0.302860 0.035407 0.203320
0 0.783648 0.354160 0.030222 0.167880
0 0.817759 0.369080 0.024185 0.164160
0 0.831574 0.226390 0.032815 0.139900
0 0.925273 0.282350 0.019861 0.083940
0 0.563440 0.262750 0.038861 0.231300
0 0.294009 0.202140 0.035407 0.162280
0 0.518537 0.140580 0.023315 0.117520
0 0.261630 0.361620 0.041444 0.186520
0 0.353167 0.226390 0.031093 0.072740
0 0.444269 0.304720 0.023315 0.177200
0 0.501940 0.216360 0.034546 0.158120
0 0.479676 0.305660 0.028500 0.179080
0 0.427000 0.257160 0.014685 0.141760
0 0.405847 0.213330 0.029361 0.083940
0 0.339352 0.326180 0.027630 0.194000
0 0.390296 0.352290 0.044907 0.201460
