0 0.446861 0.286070 0.021593 0.184660
0 0.371301 0.213330 0.025898 0.080220
0 0.421384 0.252500 0.029361 0.195840
0 0.522421 0.224520 0.024176 0.139880
0 0.516810 0.120060 0.026769 0.087680
0 0.476227 0.287000 0.031954 0.186520
0 0.509903 0.309390 0.028491 0.186540
0 0.251264 0.321520 0.041454 0.132440
0 0.304375 0.314060 0.026769 0.218240
0 0.332440 0.339240 0.031083 0.227560
0 0.309125 0.598510 0.032824 0.152940
0 0.349278 0.607830 0.042315 0.149220
0 0.259037 0.494050 0.046630 0.227580
0 0.145046 0.536960 0.051815 0.223840
0 0.383389 0.358820 0.039722 0.221960
0 0.464565 0.443690 0.041444 0.141780
0 0.493926 0.614360 0.060444 0.203320
0 0.579421 0.476340 0.036269 0.147360
0 0.944458 0.415240 0.068287 0.300320
0 0.901958 0.337370 0.033676 0.108180
0 0.710250 0.259950 0.021593 0.083940
0 0.752130 0.251560 0.027630 0.130560
0 0.778037 0.263690 0.031093 0.203300
0 0.705931 0.370940 0.026769 0.171600
0 0.740042 0.370940 0.029361 0.152960
0 0.677866 0.286070 0.017269 0.158540
0 0.653255 0.255290 0.018139 0.205180
0 0.593838 0.270780 0.029361 0.214520
