0 0.587620 0.475400 0.044037 0.141760
0 0.474065 0.441820 0.038000 0.130560
0 0.902389 0.358870 0.038000 0.125060
0 0.247810 0.477270 0.062176 0.205180
0 0.140296 0.566790 0.061315 0.246220
0 0.954616 0.395190 0.070065 0.338300
0 0.795750 0.259960 0.030204 0.195840
0 0.583736 0.270220 0.039731 0.223840
0 0.502130 0.305660 0.028500 0.182800
0 0.337625 0.335500 0.034546 0.208920
0 0.389435 0.346690 0.048352 0.216380
0 0.488727 0.620900 0.058750 0.197720
0 0.667069 0.314050 0.018139 0.225700
0 0.745222 0.243170 0.024185 0.087660
0 0.515083 0.189080 0.030222 0.069000
0 0.258176 0.313110 0.050093 0.134300
0 0.346690 0.607840 0.049231 0.156680
0 0.307829 0.593850 0.031954 0.169740
0 0.361801 0.234780 0.027639 0.111920
0 0.472338 0.279540 0.027639 0.156680
0 0.415343 0.215200 0.029352 0.121240
0 0.443407 0.268350 0.023315 0.164140
0 0.519403 0.127520 0.019861 0.091400
0 0.697292 0.333640 0.031954 0.197720
0 0.761194 0.369080 0.023315 0.156680
0 0.728815 0.355080 0.031093 0.147360
0 0.644185 0.260890 0.024185 0.231300
