0 0.803944 0.253440 0.025907 0.197720
0 0.895051 0.364420 0.031954 0.132440
0 0.956361 0.273940 0.026778 0.055960
0 0.954829 0.402210 0.069083 0.288980
0 0.771991 0.369080 0.027630 0.152960
0 0.740472 0.356020 0.019870 0.152960
0 0.242199 0.468870 0.063046 0.203300
0 0.692546 0.327110 0.032815 0.195860
0 0.740903 0.233850 0.029361 0.069020
0 0.582009 0.274880 0.032815 0.229440
0 0.596259 0.467000 0.037130 0.136160
0 0.479676 0.443690 0.047500 0.134300
0 0.477949 0.605970 0.054398 0.186540
0 0.338486 0.599440 0.043176 0.139880
0 0.389005 0.357890 0.038861 0.216380
0 0.522856 0.132190 0.021583 0.089540
0 0.510319 0.235720 0.024213 0.162280
0 0.495222 0.292600 0.028500 0.156680
0 0.467588 0.283270 0.023324 0.160420
0 0.442116 0.284210 0.029361 0.173460
0 0.411023 0.219850 0.029361 0.123100
0 0.358347 0.244110 0.024176 0.119380
0 0.332440 0.302860 0.027639 0.158560
0 0.310852 0.317790 0.022444 0.210780
0 0.250833 0.317790 0.044037 0.113780
0 0.134685 0.559340 0.067352 0.197720
0 0.299194 0.563070 0.031944 0.115660
0 0.660157 0.304730 0.023315 0.210780
0 0.631662 0.229180 0.033676 0.194000
