0 0.701611 0.659130 0.094130 0.669620
0 0.941681 0.651670 0.068213 0.587580
0 0.595394 0.645140 0.071676 0.589440
0 0.508597 0.641410 0.069102 0.630460
0 0.452495 0.584520 0.034509 0.516680
0 0.316032 0.697370 0.062176 0.589420
0 0.076824 0.660070 0.117444 0.656580
0 0.142458 0.424110 0.051806 0.184660
0 0.773287 0.560270 0.073407 0.587580
0 0.251699 0.508040 0.028491 0.132440
0 0.416639 0.434360 0.042315 0.100720
0 0.230125 0.500530 0.042343 0.229340
0 0.387278 0.551880 0.050944 0.268600
0 0.866981 0.646070 0.044907 0.535340
