0 0.705500 0.639550 0.086352 0.682700
0 0.935634 0.658200 0.050954 0.593160
0 0.869574 0.653540 0.036278 0.527880
0 0.772421 0.596640 0.071676 0.645400
0 0.603167 0.644210 0.083759 0.617420
0 0.344926 0.480760 0.044907 0.310040
0 0.648074 0.433430 0.030222 0.158540
0 0.968019 0.406380 0.034537 0.111920
0 0.380801 0.477270 0.039731 0.134300
0 0.421819 0.589180 0.035398 0.432760
0 0.253856 0.553740 0.034546 0.238760
0 0.516801 0.644210 0.073417 0.688300
0 0.463269 0.630210 0.030222 0.671500
0 0.308264 0.688980 0.074269 0.568920
0 0.070352 0.635820 0.094130 0.608080
0 0.147639 0.430640 0.074259 0.182800
