0 0.445995 0.607840 0.052676 0.182800
0 0.638144 0.314050 0.022454 0.173460
0 0.620435 0.475400 0.035407 0.149240
0 0.502995 0.477270 0.047491 0.145500
0 0.319486 0.595710 0.048361 0.177220
0 0.254292 0.505250 0.045769 0.164140
0 0.087625 0.658190 0.057861 0.246220
0 0.166208 0.481920 0.052676 0.203320
0 0.274148 0.335510 0.037130 0.164140
0 0.345829 0.320580 0.025046 0.186520
0 0.386412 0.346690 0.040583 0.216380
0 0.464134 0.295400 0.025046 0.139880
0 0.481403 0.245030 0.033676 0.195860
0 0.521556 0.189040 0.022444 0.199680
0 0.553079 0.251560 0.026769 0.238760
0 0.604028 0.299130 0.028500 0.166020
0 0.612667 0.195610 0.025037 0.104460
0 0.430023 0.328970 0.031083 0.173460
0 0.418796 0.225450 0.017278 0.078340
0 0.395912 0.207730 0.021583 0.083940
0 0.891593 0.277680 0.030222 0.067160
0 0.700486 0.319270 0.033676 0.214500
0 0.822097 0.359750 0.025861 0.171620
0 0.908005 0.356020 0.033676 0.104440
0 0.857917 0.348560 0.025037 0.141760
0 0.857917 0.224520 0.023315 0.110040
0 0.328120 0.208660 0.020722 0.029840
0 0.321218 0.308460 0.022454 0.173480
0 0.327690 0.153640 0.037139 0.095120
