0 0.778037 0.364420 0.032815 0.136160
0 0.750403 0.355080 0.020731 0.147360
0 0.737454 0.243170 0.025907 0.095140
0 0.659727 0.307520 0.022454 0.197720
0 0.805222 0.255300 0.030259 0.182800
0 0.581144 0.270210 0.034546 0.220100
0 0.689523 0.335500 0.025046 0.208920
0 0.409301 0.204930 0.029361 0.093260
0 0.387708 0.363480 0.037991 0.223840
0 0.339347 0.325250 0.034546 0.195860
0 0.129074 0.561200 0.057852 0.208920
0 0.235292 0.463280 0.054398 0.173480
0 0.337620 0.604100 0.038000 0.145480
0 0.475792 0.609700 0.053546 0.194000
0 0.587625 0.467930 0.025046 0.149220
0 0.493495 0.298200 0.030231 0.167880
0 0.636843 0.246900 0.023315 0.192120
0 0.313444 0.314990 0.022444 0.216380
0 0.384255 0.139650 0.029361 0.119380
0 0.272426 0.192810 0.044037 0.057820
0 0.300491 0.576120 0.025907 0.156680
0 0.251264 0.314980 0.041454 0.111920
0 0.363097 0.222660 0.026769 0.076480
0 0.958449 0.399190 0.062972 0.235380
0 0.483130 0.439960 0.037130 0.115640
0 0.955931 0.284200 0.020731 0.076480
0 0.904546 0.358820 0.037130 0.121240
0 0.502560 0.185350 0.029361 0.057820
0 0.522421 0.131250 0.027639 0.083940
0 0.437796 0.281410 0.019000 0.179060
0 0.462838 0.287010 0.025898 0.160420
