0 0.352301 0.605970 0.048361 0.171620
0 0.314306 0.602240 0.027630 0.130560
0 0.428296 0.186650 0.024185 0.048500
0 0.520264 0.126030 0.028491 0.072740
0 0.665778 0.260330 0.025907 0.192140
0 0.601870 0.279910 0.034537 0.220100
0 0.769398 0.300430 0.032815 0.201460
0 0.489606 0.272450 0.027639 0.190260
0 0.252130 0.323760 0.044907 0.147360
0 0.512926 0.293900 0.031093 0.188400
0 0.900662 0.316290 0.025898 0.065300
0 0.538398 0.250070 0.035407 0.193980
0 0.690389 0.246340 0.021593 0.078360
0 0.691681 0.348000 0.024176 0.139880
0 0.721042 0.361990 0.027639 0.141780
0 0.946861 0.419810 0.054407 0.298460
0 0.572079 0.468310 0.035398 0.149220
0 0.493926 0.677220 0.051815 0.313360
0 0.158435 0.510280 0.059593 0.199600
0 0.265083 0.499090 0.067352 0.214500
0 0.450750 0.273390 0.032815 0.184660
0 0.385120 0.212770 0.032815 0.082060
0 0.376481 0.346130 0.039722 0.195860
0 0.329847 0.328420 0.043176 0.197720
0 0.455500 0.449660 0.061315 0.156680
