0 0.930458 0.294470 0.026769 0.119380
0 0.601440 0.470730 0.038861 0.154820
0 0.467588 0.612500 0.061306 0.177200
0 0.809556 0.364410 0.028500 0.143620
0 0.673981 0.329900 0.023315 0.212640
0 0.569056 0.266490 0.031093 0.235020
0 0.481403 0.312190 0.026769 0.180940
0 0.261630 0.376530 0.044907 0.205180
0 0.342370 0.342960 0.030222 0.223840
0 0.392028 0.360680 0.038000 0.218240
0 0.111370 0.605970 0.048352 0.231300
0 0.206361 0.442750 0.057000 0.169740
0 0.284079 0.566800 0.048361 0.156680
0 0.335898 0.592920 0.046630 0.141760
0 0.903685 0.355090 0.044037 0.113780
0 0.825963 0.221720 0.028500 0.115640
0 0.521995 0.143380 0.019861 0.108200
0 0.292282 0.204000 0.031954 0.154800
0 0.355324 0.220780 0.028500 0.076480
0 0.404981 0.204940 0.020722 0.097000
0 0.429157 0.269290 0.019000 0.154820
0 0.447722 0.301000 0.023315 0.173480
0 0.493065 0.197470 0.025907 0.082060
0 0.628639 0.196540 0.020722 0.080200
0 0.636843 0.306590 0.021593 0.192140
0 0.770699 0.358820 0.025046 0.177200
0 0.721472 0.310320 0.030222 0.229440
