0 0.621301 0.466070 0.035398 0.149220
0 0.848417 0.346700 0.026778 0.141760
0 0.810852 0.353220 0.020722 0.180920
0 0.907569 0.357890 0.037991 0.123100
0 0.854028 0.226380 0.031093 0.121240
0 0.705236 0.321180 0.039731 0.222040
0 0.453773 0.615300 0.045769 0.197720
0 0.502560 0.468870 0.043176 0.154820
0 0.171389 0.470740 0.050944 0.233160
0 0.312579 0.154570 0.027639 0.096980
0 0.321213 0.588250 0.053537 0.158540
0 0.251676 0.526690 0.056185 0.188380
0 0.093667 0.650740 0.057852 0.253680
0 0.267241 0.362550 0.033685 0.195860
0 0.420958 0.223590 0.019861 0.093260
0 0.344097 0.333640 0.025046 0.201440
0 0.386417 0.345770 0.035407 0.210780
0 0.332875 0.204000 0.025046 0.039160
0 0.318190 0.289800 0.018139 0.147360
0 0.610505 0.312190 0.034546 0.169740
0 0.645912 0.316850 0.029361 0.175340
0 0.555671 0.261830 0.033676 0.240620
0 0.398069 0.226390 0.024176 0.124980
0 0.435208 0.336430 0.022454 0.184660
0 0.461972 0.300990 0.025907 0.166020
0 0.485296 0.251570 0.022444 0.201460
0 0.516810 0.176950 0.026769 0.186540
0 0.614824 0.195610 0.024185 0.074620
