0 0.669227 0.280480 0.027639 0.221960
0 0.594102 0.275810 0.039722 0.231300
0 0.942523 0.398000 0.055917 0.266440
0 0.895912 0.354160 0.030231 0.111920
0 0.707227 0.373740 0.024176 0.177200
0 0.737880 0.387730 0.021593 0.186540
0 0.750838 0.249700 0.026769 0.126840
0 0.783653 0.265550 0.033676 0.199580
0 0.679157 0.311260 0.021593 0.208920
0 0.477949 0.286080 0.025046 0.192120
0 0.523718 0.245030 0.033676 0.184660
0 0.505153 0.303800 0.024176 0.197720
0 0.442977 0.270210 0.031083 0.175340
0 0.247810 0.337370 0.041454 0.138020
0 0.332444 0.322450 0.032815 0.205180
0 0.303079 0.307520 0.031083 0.182800
0 0.378213 0.347620 0.032815 0.203320
0 0.145046 0.536960 0.051815 0.227560
0 0.255153 0.485660 0.054398 0.199600
0 0.310421 0.600380 0.033676 0.156680
0 0.352736 0.610630 0.044046 0.158540
0 0.465426 0.444620 0.046630 0.143640
0 0.495222 0.621820 0.057852 0.218240
0 0.579852 0.477270 0.040593 0.149220
0 0.518968 0.127520 0.024176 0.076480
0 0.708519 0.261830 0.018130 0.069020
0 0.986583 0.316850 0.021593 0.156700
0 0.376481 0.218920 0.025907 0.087680
0 0.419662 0.234780 0.024176 0.156680
