0 0.708523 0.316850 0.025046 0.216380
0 0.389870 0.352290 0.042315 0.216380
0 0.433477 0.328040 0.029361 0.179080
0 0.473204 0.305660 0.025907 0.167880
0 0.096690 0.633010 0.063898 0.240620
0 0.181319 0.462340 0.056991 0.208920
0 0.268106 0.520160 0.050954 0.167880
0 0.328556 0.596640 0.057852 0.179080
0 0.458949 0.620900 0.057861 0.197720
0 0.497815 0.465140 0.037130 0.143640
0 0.620435 0.299120 0.028500 0.162280
0 0.653250 0.319650 0.030222 0.207060
0 0.845829 0.216130 0.031954 0.093260
0 0.910157 0.273950 0.025907 0.074620
0 0.904981 0.354160 0.031093 0.115640
0 0.839352 0.346690 0.025907 0.149220
0 0.804375 0.349500 0.019861 0.147360
0 0.616551 0.469810 0.036269 0.134300
0 0.553514 0.266490 0.031083 0.257420
0 0.519403 0.176020 0.025046 0.188400
0 0.266810 0.352290 0.036269 0.171620
0 0.347986 0.340170 0.029361 0.199580
0 0.483560 0.253430 0.029361 0.220100
0 0.309991 0.158300 0.031093 0.097000
0 0.327690 0.283270 0.012954 0.134300
0 0.336329 0.204000 0.018139 0.035440
0 0.425704 0.214260 0.024185 0.055960
0 0.401093 0.212390 0.025037 0.089540
