0 0.828296 0.256790 0.033685 0.201460
0 0.724495 0.313120 0.031083 0.223840
0 0.805236 0.371880 0.026769 0.162280
0 0.766815 0.351360 0.032815 0.177200
0 0.905843 0.356020 0.041444 0.123120
0 0.934773 0.308450 0.023324 0.143620
0 0.601440 0.465140 0.037139 0.151080
0 0.466722 0.605970 0.056130 0.190260
0 0.330713 0.598510 0.053537 0.152940
0 0.212838 0.445550 0.059583 0.179060
0 0.107463 0.600370 0.063074 0.231300
0 0.393750 0.351360 0.039722 0.221960
0 0.341509 0.337370 0.033685 0.220100
0 0.483134 0.300060 0.026769 0.182800
0 0.495218 0.452090 0.038861 0.124980
0 0.570352 0.266480 0.033685 0.227560
0 0.645046 0.317780 0.020722 0.218240
0 0.672250 0.329900 0.025037 0.227560
0 0.623894 0.261840 0.031954 0.214480
0 0.519833 0.136850 0.025907 0.095140
0 0.489176 0.176020 0.025037 0.083920
0 0.453338 0.316850 0.027639 0.201460
0 0.434773 0.283270 0.019861 0.193980
0 0.410162 0.207730 0.024176 0.076460
0 0.354028 0.227320 0.032815 0.082080
0 0.279333 0.568660 0.037130 0.156680
0 0.313009 0.282340 0.023315 0.180920
0 0.262060 0.365350 0.038861 0.193980
0 0.286671 0.201200 0.029361 0.141760
