0 0.581579 0.268350 0.026769 0.216380
0 0.693843 0.330840 0.028500 0.214520
0 0.767671 0.366280 0.022454 0.139880
0 0.801352 0.255300 0.025907 0.197720
0 0.737884 0.257160 0.025046 0.126840
0 0.736588 0.358820 0.024176 0.151080
0 0.661880 0.306590 0.025056 0.192140
0 0.641593 0.242240 0.020722 0.197720
0 0.949884 0.385850 0.040194 0.270460
0 0.904995 0.348560 0.048324 0.119360
0 0.585463 0.470740 0.041444 0.147360
0 0.478384 0.439960 0.050083 0.126840
0 0.484856 0.609700 0.057861 0.197720
0 0.341940 0.603170 0.050083 0.147340
0 0.242657 0.487520 0.057037 0.263000
0 0.389870 0.354150 0.042315 0.216380
0 0.136412 0.562130 0.062176 0.214500
0 0.335894 0.308450 0.031083 0.169740
0 0.517241 0.244100 0.034537 0.171600
0 0.495657 0.294460 0.025907 0.152960
0 0.469315 0.286070 0.028500 0.158540
0 0.415773 0.217990 0.025046 0.123100
0 0.442116 0.269290 0.022454 0.154820
0 0.361370 0.219860 0.026778 0.082080
0 0.252560 0.308460 0.045769 0.087680
0 0.521560 0.121000 0.025898 0.082080
0 0.301352 0.583580 0.025907 0.152960
0 0.310852 0.315920 0.024185 0.221960
0 0.382097 0.137780 0.026769 0.126840
0 0.260769 0.213330 0.025907 0.072740
