0 0.656708 0.285140 0.019861 0.145480
0 0.637708 0.190010 0.019861 0.082060
0 0.578551 0.264630 0.029361 0.220100
0 0.506880 0.204000 0.025907 0.083920
0 0.906708 0.356960 0.036269 0.132440
0 0.486153 0.442750 0.041454 0.128700
0 0.495222 0.306590 0.031944 0.177220
0 0.338898 0.336430 0.038907 0.214500
0 0.297898 0.585450 0.032815 0.164140
0 0.337620 0.610640 0.044907 0.147360
0 0.518968 0.128450 0.024176 0.089540
0 0.120440 0.573330 0.045769 0.221980
0 0.232269 0.455820 0.058722 0.162280
0 0.386412 0.356020 0.040583 0.216360
0 0.469315 0.604100 0.068222 0.182800
0 0.593667 0.467000 0.042315 0.151080
0 0.751699 0.349500 0.019861 0.162280
0 0.778037 0.367220 0.031093 0.156680
0 0.806102 0.245970 0.030222 0.179060
0 0.733995 0.234780 0.024176 0.097000
0 0.684773 0.323380 0.024176 0.207040
0 0.277162 0.253430 0.027657 0.182780
0 0.382093 0.130320 0.028500 0.111920
0 0.967838 0.390390 0.053565 0.287260
0 0.362662 0.217990 0.036269 0.070900
0 0.313431 0.311260 0.020750 0.212640
0 0.251269 0.317780 0.039722 0.117520
0 0.954204 0.289810 0.027630 0.072740
0 0.463699 0.295400 0.029361 0.173480
0 0.440819 0.259960 0.019861 0.139880
0 0.413185 0.213330 0.023315 0.098860
