0 0.975792 0.633950 0.041454 0.581980
0 0.496519 0.645140 0.086352 0.589440
0 0.671819 0.660060 0.105361 0.664040
0 0.376912 0.600370 0.057861 0.320820
0 0.793148 0.469810 0.030222 0.134300
0 0.267676 0.386800 0.046630 0.080200
0 0.510333 0.351360 0.041444 0.139880
0 0.826398 0.462340 0.031093 0.100720
0 0.155843 0.442750 0.057852 0.199580
0 0.086324 0.636740 0.105352 0.602480
0 0.306102 0.680580 0.073407 0.555840
0 0.580713 0.675920 0.057852 0.647240
0 0.881662 0.651700 0.037991 0.557800
0 0.759037 0.615290 0.063907 0.645380
