0 0.798329 0.370010 0.019861 0.195860
0 0.712838 0.308460 0.028491 0.207040
0 0.834597 0.354160 0.033676 0.138040
0 0.521991 0.167630 0.023315 0.175340
0 0.263792 0.358820 0.038861 0.173480
0 0.303940 0.164830 0.036269 0.113780
0 0.913185 0.271150 0.028500 0.072740
0 0.345829 0.216130 0.040583 0.063420
0 0.657139 0.332700 0.032815 0.218240
0 0.621736 0.312190 0.029361 0.184660
0 0.620435 0.187210 0.023315 0.083940
0 0.559560 0.263690 0.029361 0.236900
0 0.483995 0.214260 0.030231 0.138040
0 0.458088 0.606910 0.052676 0.184660
0 0.846690 0.219850 0.035398 0.119380
0 0.488745 0.471670 0.046639 0.145500
0 0.608778 0.468870 0.046630 0.147340
0 0.907139 0.356020 0.030222 0.108200
0 0.328556 0.599440 0.050944 0.166000
0 0.267245 0.534160 0.057861 0.166000
0 0.186935 0.465140 0.056130 0.221960
0 0.101440 0.647010 0.054398 0.261140
0 0.473199 0.304730 0.024176 0.169740
0 0.436065 0.340170 0.025907 0.214500
0 0.390296 0.359750 0.044907 0.231300
0 0.344102 0.328040 0.023315 0.179080
0 0.401958 0.207740 0.019861 0.091400
0 0.423977 0.224520 0.017269 0.080200
0 0.321218 0.303790 0.015546 0.179060
