0 0.297468 0.304720 0.026769 0.192120
0 0.252995 0.327110 0.041454 0.113780
0 0.418801 0.256230 0.029361 0.210780
0 0.373889 0.211460 0.025907 0.080200
0 0.658000 0.264620 0.020722 0.227560
0 0.680870 0.295400 0.019889 0.158560
0 0.518106 0.120060 0.024176 0.072760
0 0.535380 0.259960 0.032815 0.207040
0 0.512921 0.299130 0.029361 0.169740
0 0.485722 0.276750 0.023315 0.166020
0 0.570546 0.471270 0.048315 0.134260
0 0.492204 0.609700 0.058722 0.194000
0 0.353167 0.602240 0.046630 0.141760
0 0.314306 0.591980 0.025907 0.128720
0 0.268968 0.510840 0.047491 0.238760
0 0.151954 0.537880 0.051815 0.233160
0 0.327690 0.330840 0.028491 0.199600
0 0.376051 0.344820 0.031954 0.197720
0 0.446861 0.279540 0.023315 0.171600
0 0.456352 0.447420 0.042333 0.141760
0 0.599282 0.269290 0.041454 0.229420
0 0.727083 0.375610 0.032815 0.154820
0 0.763356 0.306590 0.024176 0.214500
0 0.928375 0.457410 0.066528 0.365260
0 0.887278 0.362570 0.033685 0.154860
0 0.699023 0.361610 0.021583 0.164140
0 0.714995 0.259020 0.017269 0.055960
