0 0.478384 0.607840 0.056991 0.186520
0 0.332037 0.598510 0.038889 0.152940
0 0.295750 0.572400 0.030204 0.149200
0 0.228750 0.473180 0.061315 0.226120
0 0.123028 0.575190 0.054407 0.225700
0 0.337620 0.323380 0.038000 0.199600
0 0.389000 0.357890 0.042315 0.208900
0 0.489606 0.300070 0.024176 0.164140
0 0.509042 0.251560 0.031954 0.227560
0 0.519829 0.112600 0.029361 0.102600
0 0.460681 0.293530 0.026769 0.169740
0 0.437361 0.273010 0.023315 0.169740
0 0.410593 0.212390 0.033685 0.149220
0 0.356620 0.219850 0.032815 0.078340
0 0.310421 0.313120 0.026769 0.223840
0 0.253833 0.351360 0.038037 0.184680
0 0.949454 0.398920 0.021593 0.309640
0 0.901528 0.351360 0.032815 0.117520
0 0.482699 0.443690 0.055269 0.115660
0 0.595394 0.460480 0.047491 0.145480
0 0.577690 0.261820 0.037991 0.229440
0 0.632079 0.249650 0.034583 0.205100
0 0.660593 0.314990 0.024185 0.205180
0 0.684773 0.328040 0.024176 0.208920
0 0.752560 0.354160 0.019861 0.156680
0 0.730972 0.243080 0.031944 0.095320
0 0.815171 0.259030 0.029361 0.193980
0 0.780625 0.362550 0.029361 0.143620
0 0.949023 0.291670 0.027639 0.102580
