0 0.567759 0.271150 0.035407 0.244340
0 0.667069 0.328040 0.030231 0.216360
0 0.718454 0.300070 0.025907 0.205180
0 0.815602 0.361610 0.026778 0.134300
0 0.778898 0.354150 0.031093 0.149220
0 0.829847 0.230110 0.036269 0.166020
0 0.903255 0.348560 0.034546 0.115640
0 0.339782 0.316850 0.028491 0.167860
0 0.926134 0.292600 0.025046 0.130560
0 0.608782 0.468870 0.048361 0.143620
0 0.491769 0.472600 0.044037 0.147360
0 0.462407 0.610640 0.056130 0.192120
0 0.328986 0.599440 0.046639 0.154800
0 0.274153 0.538820 0.047491 0.138040
0 0.195565 0.436220 0.056130 0.182800
0 0.101870 0.605040 0.057000 0.221960
0 0.389435 0.360680 0.039722 0.218240
0 0.478380 0.300060 0.025907 0.160400
0 0.487880 0.198400 0.024185 0.091400
0 0.516810 0.131260 0.026769 0.121240
0 0.406708 0.214260 0.022454 0.100720
0 0.445134 0.316840 0.028491 0.197720
0 0.426139 0.268350 0.016407 0.164140
0 0.377778 0.146180 0.033685 0.117520
0 0.292718 0.193740 0.029361 0.156680
0 0.256880 0.362550 0.044037 0.188380
0 0.319056 0.279540 0.021593 0.156680
0 0.353167 0.242230 0.031093 0.119380
