0 0.692569 0.629330 0.079491 0.621060
0 0.758171 0.371880 0.088083 0.158560
0 0.926565 0.641410 0.058722 0.578220
0 0.969315 0.404520 0.033685 0.126840
0 0.861801 0.642340 0.053546 0.542800
0 0.612667 0.657270 0.080315 0.621140
0 0.547037 0.647940 0.069944 0.673360
0 0.481403 0.610640 0.073398 0.643520
0 0.291856 0.670320 0.062176 0.527880
0 0.333736 0.552800 0.064769 0.486840
0 0.417495 0.562130 0.045787 0.419700
0 0.076829 0.640460 0.107083 0.643480
0 0.145481 0.463280 0.050944 0.244360
0 0.173977 0.426900 0.038861 0.164160
0 0.229681 0.641410 0.043176 0.492420
