0 0.628639 0.182550 0.044907 0.063420
0 0.642458 0.302860 0.024176 0.184680
0 0.674407 0.323380 0.025907 0.199600
0 0.727088 0.306590 0.031083 0.214500
0 0.766380 0.354150 0.026778 0.164140
0 0.600148 0.473530 0.032815 0.134300
0 0.934343 0.314050 0.031093 0.139900
0 0.904116 0.352290 0.036269 0.108180
0 0.500380 0.229220 0.028537 0.156760
0 0.485287 0.293530 0.025907 0.151100
0 0.521130 0.128460 0.018130 0.123120
0 0.822074 0.229180 0.025907 0.138040
0 0.800491 0.359750 0.031093 0.152940
0 0.571213 0.269290 0.035407 0.229420
0 0.491333 0.465140 0.031093 0.136160
0 0.456361 0.302860 0.026778 0.166000
0 0.389866 0.355090 0.040583 0.221980
0 0.335463 0.328040 0.028500 0.197720
0 0.212403 0.451150 0.055269 0.186540
0 0.259903 0.365350 0.044898 0.208900
0 0.331148 0.604100 0.035407 0.152960
0 0.473199 0.618090 0.050083 0.184660
0 0.285810 0.567730 0.041454 0.154820
0 0.113958 0.594780 0.048361 0.227560
0 0.355755 0.231980 0.022454 0.087680
0 0.319056 0.290740 0.018130 0.156680
0 0.284514 0.210530 0.025046 0.160420
