0 0.490903 0.618100 0.059583 0.203320
0 0.143764 0.538820 0.054380 0.223840
0 0.257310 0.500580 0.050083 0.240640
0 0.309986 0.592910 0.036269 0.152940
0 0.351009 0.610630 0.040593 0.158540
0 0.379069 0.352290 0.029361 0.235020
0 0.896343 0.365350 0.031093 0.164140
0 0.947727 0.418510 0.044046 0.311500
0 0.581579 0.477260 0.037139 0.141760
0 0.591940 0.274890 0.031954 0.225700
0 0.653685 0.260890 0.024185 0.223820
0 0.680023 0.314990 0.023324 0.220100
0 0.703769 0.270220 0.027630 0.067160
0 0.712407 0.374670 0.019000 0.160420
0 0.740042 0.373740 0.024176 0.162280
0 0.749537 0.249700 0.025907 0.119360
0 0.785806 0.259020 0.032815 0.197720
0 0.509472 0.316850 0.019000 0.208900
0 0.477954 0.300060 0.028500 0.212640
0 0.445565 0.287000 0.032815 0.186520
0 0.415343 0.227310 0.027630 0.160420
0 0.463704 0.460480 0.032815 0.164160
0 0.372162 0.207730 0.036269 0.080220
0 0.522412 0.231050 0.025935 0.186540
0 0.523287 0.130320 0.022444 0.089520
0 0.257315 0.316850 0.044907 0.126820
0 0.305255 0.314980 0.028472 0.208920
0 0.330282 0.312190 0.028491 0.184660
