0 0.372167 0.211460 0.038000 0.087680
0 0.417069 0.228250 0.031083 0.143620
0 0.474065 0.277680 0.027630 0.164160
0 0.443407 0.286080 0.026778 0.192120
0 0.520699 0.182550 0.024176 0.059700
0 0.519829 0.122860 0.029361 0.074600
0 0.591940 0.281410 0.033676 0.253660
0 0.511194 0.316850 0.032815 0.208900
0 0.466722 0.437160 0.042315 0.128720
0 0.380366 0.354160 0.033676 0.208920
0 0.141162 0.541610 0.052676 0.225700
0 0.351440 0.609700 0.044898 0.160400
0 0.490472 0.614370 0.053537 0.199580
0 0.576394 0.471670 0.057861 0.138020
0 0.901954 0.375610 0.035407 0.184660
0 0.940019 0.410450 0.051907 0.322700
0 0.786671 0.261820 0.031083 0.203320
0 0.309991 0.591980 0.031093 0.147360
0 0.701181 0.294470 0.027639 0.134300
0 0.715861 0.384000 0.022444 0.201440
0 0.749972 0.243170 0.025037 0.113780
0 0.747380 0.387730 0.021593 0.186540
0 0.672681 0.317780 0.024176 0.233160
0 0.653255 0.273950 0.019861 0.246220
0 0.259042 0.489390 0.050083 0.225700
0 0.260333 0.322440 0.054407 0.100720
0 0.307398 0.321520 0.024185 0.233160
0 0.333306 0.329900 0.034537 0.212640
