0 0.776310 0.401730 0.041454 0.225700
0 0.797898 0.252500 0.032815 0.192120
0 0.900231 0.376540 0.033685 0.182800
0 0.951199 0.416510 0.064435 0.301180
0 0.585463 0.466080 0.041444 0.156680
0 0.477519 0.446480 0.044907 0.147360
0 0.481838 0.610630 0.053546 0.207060
0 0.345394 0.608760 0.055269 0.147360
0 0.249130 0.484730 0.057759 0.248780
0 0.441681 0.258090 0.026769 0.128700
0 0.360074 0.232920 0.024185 0.111920
0 0.308708 0.309390 0.025009 0.205180
0 0.382958 0.140580 0.028509 0.136160
0 0.306102 0.591980 0.021593 0.151080
0 0.138139 0.565870 0.067352 0.225700
0 0.586764 0.273020 0.033694 0.229440
0 0.696861 0.337360 0.031093 0.212640
0 0.743926 0.233850 0.033685 0.087660
0 0.730542 0.355090 0.027639 0.158540
0 0.664477 0.287930 0.025046 0.169740
0 0.642028 0.248770 0.028500 0.214500
0 0.334157 0.307520 0.027611 0.167880
0 0.522426 0.133120 0.019000 0.091400
0 0.385977 0.352290 0.034528 0.205180
0 0.248676 0.304730 0.032815 0.087660
0 0.500403 0.291670 0.028491 0.154820
0 0.417500 0.205860 0.025037 0.106320
0 0.470611 0.263690 0.024185 0.113780
