0 0.521560 0.134980 0.022454 0.102600
0 0.485722 0.301930 0.021593 0.171620
0 0.492630 0.458620 0.033685 0.126840
0 0.357486 0.229180 0.024176 0.089520
0 0.338468 0.307530 0.032861 0.160420
0 0.317329 0.275810 0.014676 0.123100
0 0.259481 0.356020 0.037111 0.197720
0 0.727949 0.291670 0.022454 0.192140
0 0.681319 0.326180 0.027639 0.208920
0 0.575102 0.273020 0.034537 0.248080
0 0.497380 0.193740 0.020722 0.074600
0 0.817759 0.257170 0.031093 0.205180
0 0.904981 0.350420 0.031093 0.130560
0 0.940819 0.303790 0.026769 0.119380
0 0.595829 0.460480 0.034546 0.145480
0 0.469750 0.605040 0.058722 0.192120
0 0.340644 0.602240 0.052676 0.156680
0 0.217153 0.449290 0.052676 0.179060
0 0.123458 0.587310 0.063898 0.220100
0 0.290986 0.562130 0.036269 0.128700
0 0.391597 0.356950 0.038861 0.210780
0 0.407569 0.202130 0.022454 0.087660
0 0.431750 0.290730 0.024185 0.190260
0 0.455500 0.319650 0.028500 0.210780
0 0.625620 0.185340 0.037130 0.065280
0 0.649366 0.302860 0.024176 0.184680
0 0.758176 0.346700 0.025907 0.167880
0 0.794875 0.382130 0.018139 0.179060
