0 0.856190 0.351350 0.026769 0.169740
0 0.894185 0.266490 0.028500 0.063420
0 0.857056 0.212400 0.028500 0.097000
0 0.642028 0.315920 0.021593 0.180920
0 0.632958 0.467940 0.043176 0.138040
0 0.168366 0.477260 0.048361 0.212640
0 0.091509 0.657260 0.060444 0.244360
0 0.259472 0.508970 0.054407 0.175340
0 0.319056 0.590110 0.054407 0.169740
0 0.460245 0.620900 0.056991 0.197720
0 0.499968 0.477270 0.036269 0.134300
0 0.703773 0.315920 0.029361 0.214520
0 0.903685 0.362550 0.031944 0.124980
0 0.819046 0.371880 0.026796 0.188400
0 0.464134 0.320580 0.025046 0.186520
0 0.433046 0.354160 0.030222 0.238760
0 0.348847 0.332710 0.027639 0.195860
0 0.385120 0.348560 0.039722 0.235040
0 0.396778 0.200270 0.028500 0.072740
0 0.613097 0.190940 0.024176 0.076480
0 0.319917 0.148980 0.037130 0.097000
0 0.608778 0.301930 0.024185 0.164140
0 0.319917 0.312180 0.021593 0.203320
0 0.331144 0.204000 0.019861 0.039160
0 0.414477 0.235710 0.017269 0.106340
0 0.271560 0.342030 0.035398 0.169740
0 0.549625 0.265560 0.026769 0.244360
0 0.519403 0.172290 0.026769 0.188380
0 0.477954 0.265550 0.030222 0.225700
