0 0.817329 0.223580 0.026769 0.141760
0 0.909301 0.356020 0.036269 0.115640
0 0.939093 0.305660 0.021593 0.141760
0 0.590648 0.472600 0.032815 0.128720
0 0.793560 0.370940 0.022491 0.156680
0 0.117412 0.593850 0.055269 0.225700
0 0.392028 0.358820 0.038000 0.210760
0 0.490037 0.298190 0.028500 0.164140
0 0.523718 0.139640 0.019861 0.111920
0 0.496088 0.187210 0.025046 0.061540
0 0.452907 0.314050 0.028500 0.203300
0 0.430454 0.288870 0.023315 0.190260
0 0.407139 0.204930 0.021593 0.078340
0 0.355324 0.233840 0.021593 0.091400
0 0.341074 0.317780 0.020722 0.173480
0 0.315602 0.298200 0.019870 0.171600
0 0.259468 0.370940 0.045769 0.216360
0 0.728815 0.306590 0.020722 0.210780
0 0.760333 0.355090 0.025037 0.173460
0 0.487449 0.453010 0.040583 0.134300
0 0.468019 0.604100 0.058722 0.186520
0 0.337620 0.604100 0.046630 0.145480
0 0.285810 0.563070 0.043176 0.134300
0 0.212407 0.440900 0.051815 0.162280
0 0.573375 0.275810 0.034546 0.246220
0 0.624755 0.259960 0.028491 0.221960
0 0.649801 0.304730 0.025046 0.184660
0 0.678296 0.326170 0.028500 0.216380
