0 0.515514 0.129770 0.031083 0.098860
0 0.664931 0.267820 0.024213 0.214440
0 0.601440 0.283640 0.045769 0.238760
0 0.379940 0.348930 0.043176 0.208900
0 0.450750 0.434740 0.051815 0.186520
0 0.569056 0.475770 0.058722 0.171620
0 0.767676 0.300440 0.032815 0.223840
0 0.164046 0.518680 0.070815 0.223840
0 0.265083 0.494420 0.048352 0.227560
0 0.495653 0.609140 0.056991 0.195840
0 0.330713 0.321890 0.038000 0.195860
0 0.302213 0.313500 0.032815 0.197720
0 0.375185 0.212770 0.023315 0.078340
0 0.419662 0.212760 0.029361 0.111920
0 0.526745 0.196910 0.022454 0.080220
0 0.512926 0.302300 0.032815 0.175320
0 0.485722 0.274320 0.021593 0.149240
0 0.449023 0.255660 0.027639 0.141760
0 0.352301 0.608210 0.041454 0.149220
0 0.312148 0.595150 0.030222 0.119380
0 0.723634 0.393700 0.029361 0.179080
0 0.691250 0.377850 0.028500 0.184660
0 0.955931 0.427840 0.062176 0.304040
0 0.714995 0.262760 0.017269 0.074600
0 0.690384 0.239440 0.033676 0.076480
0 0.901954 0.309390 0.042315 0.085820
