0 0.328986 0.601300 0.044898 0.147360
0 0.389866 0.351360 0.033676 0.214520
0 0.429593 0.271160 0.016407 0.162280
0 0.407139 0.226390 0.019870 0.128700
0 0.448593 0.330840 0.028500 0.218240
0 0.492199 0.189080 0.025898 0.072760
0 0.482699 0.292600 0.029361 0.156680
0 0.495218 0.440890 0.038861 0.136180
0 0.453773 0.601310 0.066491 0.184660
0 0.604463 0.472600 0.032815 0.132440
0 0.566032 0.261820 0.033676 0.218240
0 0.638139 0.306590 0.027630 0.180940
0 0.670093 0.320580 0.036278 0.194000
0 0.723630 0.305660 0.025907 0.212640
0 0.771130 0.353230 0.031093 0.154820
0 0.812148 0.364420 0.030222 0.136160
0 0.902819 0.352290 0.047491 0.108180
0 0.926569 0.284210 0.024176 0.087660
0 0.828296 0.232540 0.030222 0.145480
0 0.340213 0.319640 0.027630 0.177200
0 0.522421 0.150840 0.024176 0.130560
0 0.294014 0.217050 0.037139 0.195860
0 0.355755 0.254360 0.029361 0.121240
0 0.257310 0.367210 0.041454 0.190260
0 0.107917 0.627420 0.044907 0.236880
0 0.198593 0.436230 0.044907 0.156700
0 0.278037 0.549080 0.046630 0.143640
