0 0.899366 0.354160 0.045769 0.100720
0 0.838051 0.230110 0.031954 0.128700
0 0.825963 0.353230 0.030222 0.139900
0 0.301782 0.164830 0.045769 0.083940
0 0.320352 0.287010 0.015537 0.149220
0 0.921384 0.279540 0.022454 0.067160
0 0.261630 0.356020 0.041444 0.175320
0 0.352736 0.214250 0.038861 0.063420
0 0.344963 0.317790 0.033685 0.184660
0 0.389005 0.348560 0.037139 0.197720
0 0.425273 0.264620 0.021583 0.156680
0 0.405847 0.218920 0.022454 0.106320
0 0.443407 0.301930 0.030222 0.152940
0 0.476653 0.297270 0.036269 0.139900
0 0.520694 0.161100 0.020722 0.143640
0 0.490042 0.220780 0.026769 0.147360
0 0.101440 0.632080 0.054398 0.238760
0 0.192977 0.460470 0.054398 0.220100
0 0.270699 0.541620 0.057861 0.151080
0 0.322940 0.602240 0.043176 0.160400
0 0.452046 0.602240 0.056130 0.164160
0 0.496949 0.466070 0.056139 0.149220
0 0.613528 0.472600 0.037130 0.147360
0 0.621301 0.184410 0.040583 0.074620
0 0.565602 0.258100 0.041444 0.218240
0 0.629074 0.307530 0.028500 0.175340
0 0.662319 0.328970 0.034546 0.221980
0 0.718454 0.314990 0.025907 0.205180
0 0.784079 0.353220 0.029361 0.173480
