0 0.584602 0.471670 0.044907 0.138020
0 0.957657 0.420370 0.039722 0.356260
0 0.901528 0.360690 0.027630 0.139900
0 0.790560 0.248760 0.031954 0.192120
0 0.346255 0.604100 0.043176 0.145480
0 0.486588 0.620890 0.052676 0.201460
0 0.465431 0.450220 0.041454 0.143640
0 0.518102 0.134050 0.025907 0.104460
0 0.367847 0.217060 0.041454 0.087680
0 0.417935 0.225450 0.027630 0.156700
0 0.443843 0.272080 0.025907 0.186520
0 0.471042 0.282340 0.023324 0.192120
0 0.503426 0.302860 0.039722 0.192120
0 0.748245 0.224520 0.028491 0.110040
0 0.749106 0.403590 0.033676 0.236900
0 0.717588 0.387730 0.018991 0.238740
0 0.693843 0.352290 0.021593 0.264860
0 0.666639 0.315920 0.015537 0.233160
0 0.649370 0.260890 0.019000 0.238740
0 0.587194 0.274890 0.032815 0.240620
0 0.252130 0.316850 0.051815 0.111900
0 0.306968 0.302860 0.025046 0.192120
0 0.333301 0.325250 0.029361 0.199580
0 0.384255 0.342030 0.034546 0.210780
0 0.140301 0.550940 0.054398 0.236880
0 0.252130 0.467940 0.060444 0.197720
0 0.310421 0.590120 0.033676 0.162280
