0 0.449023 0.605040 0.062176 0.173480
0 0.495653 0.466070 0.044898 0.138020
0 0.617847 0.474460 0.044046 0.136160
0 0.518537 0.172290 0.026778 0.169740
0 0.902389 0.361610 0.032815 0.089540
0 0.902389 0.275820 0.034537 0.085800
0 0.839792 0.355090 0.023287 0.143620
0 0.808704 0.349490 0.025000 0.158540
0 0.848847 0.228250 0.031083 0.124980
0 0.554116 0.246530 0.024176 0.203300
0 0.335898 0.201200 0.032815 0.037320
0 0.425671 0.248780 0.025972 0.132440
0 0.483995 0.254360 0.031954 0.218240
0 0.435204 0.345760 0.027630 0.214520
0 0.467157 0.317780 0.025907 0.192120
0 0.387708 0.345770 0.039731 0.210780
0 0.344102 0.332710 0.030222 0.195860
0 0.269833 0.342970 0.038852 0.175340
0 0.097556 0.649800 0.058722 0.248080
0 0.263356 0.529490 0.051806 0.186540
0 0.321648 0.591980 0.047500 0.151080
0 0.309556 0.166700 0.025037 0.117520
0 0.322079 0.300060 0.015546 0.182800
0 0.402819 0.214260 0.019861 0.123120
0 0.177005 0.460470 0.050083 0.220100
0 0.618713 0.186280 0.035407 0.067160
0 0.616120 0.299130 0.025037 0.166020
0 0.648935 0.307530 0.025037 0.160420
0 0.711111 0.309390 0.026778 0.193980
