0 0.469315 0.609700 0.049222 0.205200
0 0.594532 0.473530 0.040583 0.138020
0 0.650227 0.318720 0.029361 0.227560
0 0.627782 0.260890 0.029361 0.246220
0 0.520264 0.133120 0.019861 0.091400
0 0.507315 0.255320 0.033704 0.197760
0 0.490042 0.298190 0.026769 0.164140
0 0.484861 0.461410 0.028500 0.143620
0 0.335032 0.596640 0.046639 0.156680
0 0.293579 0.561210 0.034546 0.119380
0 0.221472 0.464200 0.050944 0.197720
0 0.120866 0.575190 0.048361 0.210780
0 0.391162 0.355090 0.037991 0.214500
0 0.455495 0.300990 0.026769 0.169740
0 0.435634 0.284210 0.018139 0.199580
0 0.410593 0.215190 0.025037 0.098860
0 0.356190 0.236650 0.026769 0.104460
0 0.336759 0.319650 0.025907 0.166020
0 0.313875 0.305660 0.019861 0.194000
0 0.258606 0.372810 0.054398 0.238740
0 0.382958 0.139650 0.028491 0.123100
0 0.268537 0.197470 0.020722 0.096980
0 0.573370 0.276740 0.039722 0.233160
0 0.727954 0.296330 0.025907 0.216380
0 0.756894 0.355090 0.026750 0.158540
0 0.681764 0.332710 0.030194 0.214500
0 0.945565 0.297270 0.027630 0.113780
0 0.905407 0.358820 0.042315 0.121240
0 0.812579 0.235710 0.031083 0.154820
0 0.790991 0.367210 0.025907 0.152940
