0 0.306519 0.314050 0.027667 0.210780
0 0.255153 0.314060 0.042306 0.106320
0 0.667500 0.283270 0.024185 0.164140
0 0.698157 0.330840 0.025037 0.199600
0 0.759898 0.394260 0.025907 0.199600
0 0.726657 0.361610 0.023315 0.160420
0 0.743065 0.214260 0.023315 0.070880
0 0.901528 0.338300 0.039722 0.106320
0 0.142019 0.541620 0.059593 0.207040
0 0.246083 0.462340 0.051815 0.179080
0 0.484856 0.609700 0.057861 0.208920
0 0.585454 0.474470 0.041463 0.143620
0 0.477954 0.439020 0.042315 0.121240
0 0.380796 0.348560 0.039722 0.208920
0 0.335032 0.322440 0.036269 0.197720
0 0.347986 0.605970 0.046639 0.156700
0 0.307829 0.587320 0.030231 0.152960
0 0.519833 0.125660 0.022444 0.072760
0 0.416185 0.204940 0.029407 0.097000
0 0.503856 0.287010 0.031954 0.149220
0 0.960236 0.385870 0.065657 0.276060
0 0.471903 0.268350 0.026769 0.123100
0 0.443431 0.254360 0.019824 0.121240
0 0.362667 0.211460 0.024185 0.065280
0 0.521579 0.259960 0.022417 0.207040
0 0.382528 0.143380 0.027630 0.130560
0 0.795310 0.259960 0.031083 0.199600
0 0.587620 0.268350 0.044037 0.220100
0 0.638574 0.222660 0.044037 0.177200
0 0.260310 0.217010 0.028454 0.095220
