0 0.511199 0.301930 0.020731 0.171620
0 0.375356 0.208290 0.022454 0.063420
0 0.597986 0.282340 0.037139 0.236880
0 0.658005 0.239440 0.015546 0.154800
0 0.497810 0.617170 0.057861 0.190260
0 0.351440 0.622760 0.046639 0.171600
0 0.262926 0.486590 0.050944 0.193980
0 0.152819 0.522030 0.053546 0.201460
0 0.378639 0.340170 0.028500 0.195860
0 0.330282 0.324310 0.033676 0.201460
0 0.299625 0.302860 0.027639 0.184680
0 0.253426 0.337370 0.031944 0.115660
0 0.522856 0.130320 0.018139 0.082080
0 0.531921 0.250630 0.031083 0.173460
0 0.485722 0.298200 0.026778 0.194000
0 0.452042 0.286080 0.026769 0.177200
0 0.422685 0.219850 0.023315 0.108180
0 0.583306 0.477260 0.030222 0.138040
0 0.767241 0.308450 0.028500 0.199580
0 0.733134 0.365350 0.029361 0.145500
0 0.904116 0.328040 0.029361 0.059680
0 0.948588 0.429700 0.054398 0.318960
0 0.456792 0.454880 0.037991 0.164160
0 0.777171 0.263690 0.029361 0.203300
0 0.681319 0.300990 0.017269 0.169740
0 0.699884 0.383070 0.019861 0.188380
0 0.711111 0.259030 0.021593 0.063420
0 0.312579 0.610630 0.027639 0.151100
