0 0.711111 0.305660 0.028500 0.201440
0 0.798764 0.358820 0.024176 0.184680
0 0.847551 0.227310 0.033676 0.119380
0 0.835032 0.357880 0.027639 0.141760
0 0.903255 0.353230 0.031083 0.113780
0 0.402389 0.216130 0.020722 0.104460
0 0.438227 0.344830 0.026769 0.223820
0 0.388144 0.352290 0.031954 0.212660
0 0.096259 0.651660 0.054407 0.248080
0 0.180889 0.458610 0.047500 0.216380
0 0.272421 0.359750 0.040583 0.190260
0 0.267241 0.536960 0.056130 0.182800
0 0.326394 0.598510 0.050083 0.171620
0 0.457657 0.614360 0.063907 0.177200
0 0.500838 0.473540 0.043176 0.141760
0 0.471472 0.304720 0.025907 0.177200
0 0.657569 0.330840 0.033676 0.218240
0 0.621731 0.300990 0.025907 0.169740
0 0.493069 0.232910 0.027806 0.174980
0 0.522856 0.174160 0.018139 0.162280
0 0.562148 0.269280 0.034537 0.244360
0 0.430023 0.218920 0.025898 0.050360
0 0.620870 0.189080 0.020722 0.065280
0 0.612667 0.470740 0.037130 0.147360
0 0.344532 0.321510 0.027639 0.169740
0 0.339347 0.207730 0.017269 0.042900
0 0.316898 0.295400 0.020722 0.173480
0 0.307829 0.162970 0.033676 0.098860
0 0.911023 0.271150 0.034546 0.057820
