0 0.327690 0.204000 0.031954 0.035440
0 0.323375 0.144310 0.044046 0.083940
0 0.166208 0.486590 0.044046 0.220100
0 0.321644 0.301930 0.019861 0.149220
0 0.397208 0.201200 0.020731 0.082080
0 0.417931 0.262760 0.017269 0.145480
0 0.484431 0.252500 0.025898 0.195840
0 0.550921 0.251560 0.034546 0.238760
0 0.520269 0.172290 0.023315 0.188380
0 0.272856 0.358820 0.031083 0.173480
0 0.347986 0.339230 0.029361 0.208900
0 0.386843 0.351350 0.039722 0.225700
0 0.432181 0.339230 0.021583 0.208900
0 0.467153 0.306590 0.029361 0.173460
0 0.886417 0.290740 0.030222 0.097000
0 0.853167 0.218920 0.031093 0.117520
0 0.850144 0.350420 0.026769 0.156680
0 0.819056 0.356020 0.023315 0.160400
0 0.906694 0.357890 0.036296 0.115660
0 0.612231 0.194670 0.027630 0.083940
0 0.607051 0.299100 0.025898 0.166080
0 0.643324 0.323380 0.031093 0.199600
0 0.705500 0.317780 0.032815 0.236880
0 0.262486 0.527630 0.046639 0.201460
0 0.093667 0.661000 0.057852 0.248080
0 0.317759 0.584520 0.050093 0.177200
0 0.444704 0.617160 0.050093 0.212640
0 0.493926 0.467940 0.050093 0.130560
0 0.617417 0.476330 0.034537 0.151100
