0 0.141504 0.660430 0.176289 0.503099
0 0.343311 0.621257 0.140723 0.610299
0 0.535063 0.623320 0.119072 0.610313
0 0.184810 0.320221 0.083506 0.189687
0 0.329395 0.264551 0.091230 0.123711
0 0.420630 0.359401 0.100518 0.400000
0 0.519600 0.265586 0.060313 0.154635
0 0.485581 0.299609 0.051025 0.177318
0 0.661890 0.719199 0.149951 0.488659
0 0.892285 0.622285 0.088145 0.571133
0 0.730684 0.394453 0.089688 0.230938
0 0.872178 0.288262 0.060312 0.101029
0 0.932485 0.304759 0.057217 0.109284
0 0.728364 0.219193 0.063408 0.045365
