0 0.339287 0.755286 0.049512 0.121640
0 0.379858 0.702709 0.031631 0.049488
0 0.425928 0.686230 0.030254 0.103060
0 0.451372 0.686208 0.034385 0.115461
0 0.485063 0.680029 0.024756 0.070102
0 0.522197 0.673836 0.044004 0.090717
0 0.537324 0.816113 0.038516 0.152577
0 0.435557 0.801676 0.027500 0.123704
0 0.407363 0.809919 0.034375 0.173192
0 0.568955 0.772811 0.033008 0.123719
0 0.602681 0.808858 0.039951 0.237042
0 0.751865 0.793426 0.046758 0.263924
0 0.648721 0.772811 0.035762 0.206179
0 0.680347 0.688272 0.022002 0.070102
0 0.710605 0.690337 0.022012 0.061845
0 0.533198 0.727452 0.022002 0.024744
0 0.183887 0.803734 0.035762 0.144334
