0 0.908005 0.903490 0.019861 0.083940
0 0.943412 0.768250 0.019861 0.093260
0 0.926134 0.847520 0.019861 0.076480
0 0.784514 0.518300 0.064769 0.227560
0 0.648069 0.914680 0.083769 0.136160
0 0.278468 0.728150 0.031954 0.098860
0 0.243060 0.730940 0.031954 0.123120
0 0.138310 0.630780 0.026769 0.110040
0 0.204634 0.526690 0.013824 0.113780
0 0.221472 0.527620 0.016407 0.085800
0 0.127343 0.216130 0.023315 0.123100
0 0.154116 0.196540 0.025046 0.124960
0 0.190819 0.089290 0.017269 0.108180
0 0.208088 0.100480 0.017269 0.100720
0 0.368713 0.038930 0.013815 0.048500
0 0.347125 0.049190 0.015546 0.042900
0 0.325963 0.053840 0.011222 0.044760
0 0.314306 0.057570 0.013815 0.048500
0 0.484431 0.273940 0.010361 0.055960
0 0.501269 0.264620 0.011222 0.041040
0 0.480111 0.339230 0.013815 0.044780
0 0.392894 0.213330 0.015546 0.083940
0 0.362667 0.135910 0.025907 0.078340
0 0.417500 0.278610 0.014685 0.080220
0 0.412324 0.200270 0.016407 0.054100
0 0.410593 0.753330 0.014685 0.052220
0 0.541852 0.331780 0.014685 0.055960
0 0.886412 0.881100 0.014676 0.050360
0 0.972338 0.901620 0.022454 0.102600
0 0.915343 0.738400 0.019000 0.082080
0 0.891593 0.795300 0.021593 0.106320
