0 0.881231 0.934260 0.023315 0.093280
0 0.803944 0.467940 0.051815 0.201440
0 0.669662 0.901620 0.057861 0.188400
0 0.275444 0.740270 0.027630 0.130580
0 0.233130 0.730010 0.025907 0.117500
0 0.205069 0.524830 0.012954 0.102580
0 0.220611 0.521090 0.011222 0.083940
0 0.135116 0.626480 0.019861 0.100720
0 0.127778 0.222650 0.024185 0.113780
0 0.154116 0.192810 0.021583 0.098860
0 0.203773 0.116340 0.022454 0.106320
0 0.181319 0.100480 0.020731 0.115640
0 0.367417 0.041720 0.018130 0.050360
0 0.346690 0.053840 0.014676 0.044760
0 0.326829 0.058510 0.012954 0.057820
0 0.313444 0.060370 0.013815 0.046620
0 0.498676 0.251570 0.019870 0.052220
0 0.479264 0.257160 0.012046 0.059680
0 0.454204 0.224520 0.013815 0.054080
0 0.370870 0.148980 0.018130 0.082080
0 0.347120 0.145240 0.017278 0.067160
0 0.421389 0.279540 0.013815 0.070880
0 0.486157 0.349490 0.012093 0.054100
0 0.455931 0.301000 0.015546 0.065280
0 0.467588 0.370940 0.014676 0.052240
0 0.533653 0.322450 0.015546 0.067140
0 0.499111 0.296330 0.013815 0.052220
0 0.420093 0.214260 0.016407 0.052240
0 0.399801 0.222650 0.017269 0.057820
0 0.384255 0.195600 0.012083 0.070880
0 0.434773 0.065030 0.018139 0.104460
0 0.976657 0.900690 0.025907 0.119380
0 0.939523 0.856850 0.024176 0.124980
0 0.953343 0.769180 0.019000 0.102600
0 0.921389 0.745860 0.020722 0.070880
0 0.895481 0.780370 0.019000 0.080220
0 0.905843 0.885760 0.019000 0.093280
0 0.886412 0.868040 0.014676 0.046640
0 0.949463 0.690840 0.019852 0.057840
0 0.411458 0.743060 0.014676 0.050360
