0 0.795736 0.493120 0.071676 0.266720
0 0.665773 0.899050 0.069083 0.201900
0 0.273718 0.727210 0.031083 0.130580
0 0.230106 0.721610 0.026769 0.104460
0 0.203773 0.532290 0.015546 0.117500
0 0.473630 0.397060 0.016407 0.089520
0 0.219315 0.523890 0.013815 0.089540
0 0.135551 0.621820 0.020731 0.106320
0 0.155412 0.176020 0.015546 0.069000
0 0.129935 0.195610 0.021593 0.074620
0 0.487884 0.356020 0.010361 0.052240
0 0.454204 0.231050 0.020722 0.067140
0 0.425708 0.290730 0.015546 0.078340
0 0.403685 0.232910 0.014685 0.074620
0 0.387278 0.192800 0.011222 0.050360
0 0.370440 0.139650 0.017269 0.082060
0 0.350574 0.147110 0.013815 0.063420
0 0.324667 0.058510 0.012093 0.057820
0 0.312148 0.055710 0.009500 0.044780
0 0.366986 0.037990 0.015546 0.046620
0 0.346259 0.057500 0.012093 0.052200
0 0.433907 0.053850 0.014685 0.078340
0 0.499106 0.296330 0.012083 0.059700
0 0.495653 0.251560 0.008639 0.044760
0 0.480111 0.266490 0.012093 0.063420
0 0.458519 0.304730 0.015556 0.072740
0 0.421819 0.214260 0.018139 0.048480
0 0.940384 0.848450 0.017269 0.104460
0 0.975792 0.896950 0.022454 0.104460
0 0.881667 0.940790 0.020722 0.110060
0 0.901093 0.885760 0.018130 0.108200
0 0.897208 0.790630 0.018991 0.089540
0 0.916208 0.760790 0.024176 0.096980
0 0.949449 0.688970 0.019861 0.069020
