0 0.221903 0.533220 0.017269 0.097000
0 0.137708 0.631150 0.025046 0.113780
0 0.153685 0.182550 0.020722 0.096980
0 0.126486 0.229180 0.026769 0.123120
0 0.190384 0.115400 0.021583 0.089520
0 0.171389 0.101410 0.014685 0.095140
0 0.323806 0.078100 0.012093 0.097000
0 0.313444 0.071570 0.013815 0.069020
0 0.344963 0.068760 0.016407 0.070880
0 0.364394 0.045450 0.015546 0.061540
0 0.374741 0.150840 0.015519 0.085800
0 0.353597 0.146170 0.014676 0.054100
0 0.445569 0.211460 0.015546 0.057840
0 0.491343 0.243170 0.013796 0.042900
0 0.474926 0.252500 0.013815 0.061560
0 0.495218 0.290740 0.012954 0.059680
0 0.430023 0.303790 0.015546 0.078340
0 0.408000 0.240370 0.011222 0.082060
0 0.391162 0.198400 0.013824 0.061560
0 0.424843 0.222660 0.013815 0.061560
0 0.462403 0.306590 0.019861 0.098860
0 0.492199 0.364410 0.012083 0.057820
0 0.476227 0.384940 0.012954 0.050360
0 0.944269 0.839130 0.016407 0.111900
0 0.972338 0.880160 0.027639 0.097000
0 0.876917 0.926800 0.021593 0.108200
0 0.892028 0.855920 0.019000 0.067160
0 0.897208 0.785040 0.018991 0.074600
0 0.902824 0.720690 0.023315 0.069020
0 0.949884 0.699230 0.020731 0.082060
0 0.940384 0.751460 0.015546 0.067160
0 0.202472 0.526690 0.016407 0.095140
0 0.227519 0.736540 0.030222 0.130560
0 0.271560 0.729070 0.026769 0.119380
0 0.678296 0.872710 0.063037 0.231300
0 0.813444 0.432500 0.053537 0.208920
