0 0.936065 0.747730 0.013815 0.052220
0 0.810162 0.420000 0.063046 0.207040
0 0.679593 0.881330 0.065630 0.237340
0 0.267241 0.715090 0.028500 0.110060
0 0.224926 0.726280 0.030222 0.110040
0 0.139000 0.628350 0.025907 0.100740
0 0.202472 0.526690 0.016407 0.087660
0 0.220181 0.522960 0.015546 0.076480
0 0.154116 0.178810 0.019861 0.078340
0 0.128213 0.201210 0.023315 0.078340
0 0.188227 0.111670 0.022454 0.085820
0 0.166639 0.097680 0.019000 0.080200
0 0.366986 0.035190 0.015546 0.048500
0 0.433046 0.035190 0.016407 0.048500
0 0.408870 0.745860 0.016407 0.044760
0 0.344097 0.057570 0.014676 0.052220
0 0.324231 0.054770 0.011241 0.057820
0 0.310852 0.051980 0.013815 0.037320
0 0.491769 0.279540 0.014685 0.055960
0 0.471042 0.240370 0.012954 0.048500
0 0.446431 0.206800 0.012083 0.055960
0 0.428296 0.302860 0.017278 0.076480
0 0.408866 0.235710 0.012954 0.061540
0 0.379505 0.149910 0.025046 0.087660
0 0.356190 0.157370 0.014676 0.057820
0 0.493926 0.363480 0.010370 0.052240
0 0.477949 0.389600 0.012954 0.059680
0 0.943838 0.843790 0.022454 0.124980
0 0.972769 0.878300 0.023315 0.089520
0 0.916208 0.912810 0.015546 0.087660
0 0.885981 0.848460 0.019000 0.059680
0 0.898074 0.783180 0.020722 0.070880
0 0.951176 0.700160 0.016407 0.080200
