0 0.807829 0.466070 0.061306 0.220100
0 0.678319 0.889700 0.050898 0.220600
0 0.275880 0.738400 0.023315 0.111920
0 0.230537 0.727210 0.032815 0.100740
0 0.136412 0.622760 0.024176 0.097000
0 0.205065 0.533220 0.014685 0.108200
0 0.221472 0.535090 0.014685 0.104460
0 0.222338 0.481920 0.012954 0.035440
0 0.198157 0.121930 0.021593 0.110060
0 0.177866 0.091150 0.015546 0.082060
0 0.152389 0.191870 0.023315 0.104460
0 0.125616 0.207730 0.019861 0.098860
0 0.367417 0.039860 0.014685 0.046640
0 0.346690 0.062240 0.012954 0.054080
0 0.325532 0.068770 0.010361 0.078340
0 0.313440 0.065970 0.008639 0.061540
0 0.453773 0.226380 0.012954 0.065280
0 0.477519 0.258100 0.010370 0.061560
0 0.494792 0.249700 0.010361 0.033560
0 0.495653 0.291670 0.012083 0.054100
0 0.434343 0.055710 0.020722 0.093260
0 0.977954 0.896030 0.023315 0.098860
0 0.381231 0.203070 0.018130 0.082060
0 0.403250 0.243180 0.013815 0.091400
0 0.421815 0.226380 0.016407 0.065280
0 0.427435 0.301930 0.013815 0.089540
0 0.475361 0.400790 0.018130 0.089540
0 0.490037 0.353230 0.016407 0.042900
0 0.532352 0.329900 0.016407 0.070880
0 0.899796 0.887630 0.025907 0.104460
0 0.878213 0.941950 0.019000 0.116100
0 0.915773 0.742130 0.026769 0.074620
0 0.950745 0.752400 0.015546 0.061560
0 0.951181 0.693640 0.026769 0.055960
0 0.409296 0.746800 0.024185 0.035440
0 0.895481 0.796230 0.019000 0.100740
0 0.942977 0.854990 0.020731 0.113780
