0 0.131231 0.230120 0.020722 0.136160
0 0.157139 0.204000 0.024185 0.128720
0 0.137708 0.633020 0.025046 0.121240
0 0.220606 0.531360 0.012954 0.097000
0 0.202472 0.531360 0.016407 0.097000
0 0.228810 0.739330 0.029361 0.124980
0 0.271560 0.725350 0.025046 0.119380
0 0.681750 0.884120 0.050944 0.231760
0 0.809551 0.444620 0.050954 0.210760
0 0.943838 0.750530 0.015546 0.072740
0 0.429588 0.296330 0.012954 0.074620
0 0.477519 0.386800 0.013815 0.050360
0 0.491769 0.355080 0.009500 0.035440
0 0.353602 0.107940 0.009500 0.033560
0 0.356620 0.153640 0.012093 0.054080
0 0.376481 0.142450 0.020722 0.083940
0 0.391593 0.202130 0.011222 0.057820
0 0.475361 0.253430 0.014685 0.055940
0 0.495653 0.293530 0.010361 0.069020
0 0.492199 0.240370 0.010361 0.037300
0 0.449449 0.209600 0.012954 0.061560
0 0.313440 0.063170 0.008639 0.059700
0 0.325097 0.061310 0.012954 0.067140
0 0.344532 0.061310 0.015546 0.059700
0 0.366981 0.038930 0.013815 0.048500
0 0.175273 0.106080 0.010361 0.111920
0 0.189954 0.117270 0.019000 0.104460
0 0.405847 0.234780 0.010361 0.074600
0 0.423111 0.221730 0.013815 0.063420
0 0.461111 0.307530 0.017278 0.078340
0 0.951181 0.693630 0.018139 0.063420
0 0.974926 0.891360 0.020722 0.108200
0 0.942111 0.840990 0.020722 0.108180
0 0.895046 0.862450 0.023315 0.069020
0 0.876912 0.926800 0.019861 0.108200
0 0.898069 0.785970 0.017269 0.076460
0 0.909731 0.740270 0.021593 0.074620
