0 0.490042 0.284210 0.012954 0.061540
0 0.367417 0.045450 0.014685 0.057820
0 0.431319 0.045450 0.012954 0.072740
0 0.344097 0.051980 0.014676 0.052240
0 0.324236 0.055710 0.011231 0.052220
0 0.312148 0.060370 0.009500 0.042900
0 0.267241 0.719750 0.023315 0.111900
0 0.225356 0.733740 0.029361 0.124960
0 0.135981 0.628350 0.018130 0.093260
0 0.199884 0.531360 0.012954 0.100720
0 0.220611 0.529490 0.016407 0.089540
0 0.154546 0.174150 0.019000 0.069020
0 0.126486 0.190950 0.019861 0.069020
0 0.185208 0.115400 0.019861 0.082080
0 0.165773 0.097670 0.015546 0.083940
0 0.444704 0.199340 0.013815 0.052240
0 0.488745 0.231980 0.010361 0.031720
0 0.471477 0.244100 0.015546 0.055960
0 0.431750 0.304720 0.012093 0.076480
0 0.493926 0.360690 0.010370 0.042900
0 0.477949 0.385870 0.014676 0.037300
0 0.376912 0.154570 0.018139 0.082060
0 0.356190 0.152710 0.012954 0.052220
0 0.813875 0.430630 0.045769 0.231300
0 0.684343 0.865240 0.069944 0.268600
0 0.410593 0.244100 0.014685 0.074600
0 0.392028 0.203070 0.012093 0.059700
0 0.971903 0.898820 0.019861 0.130560
0 0.942542 0.836330 0.025046 0.117500
0 0.914907 0.915600 0.016407 0.085800
0 0.883394 0.849390 0.022454 0.065300
0 0.897208 0.785040 0.020731 0.085800
0 0.933037 0.751470 0.014667 0.063420
0 0.949884 0.692710 0.018991 0.072740
