0 0.973199 0.878300 0.017269 0.089520
0 0.817329 0.395190 0.059583 0.208900
0 0.690819 0.868970 0.063898 0.249940
0 0.263787 0.716960 0.025037 0.106320
0 0.220181 0.725350 0.022454 0.119380
0 0.137278 0.630220 0.027630 0.108200
0 0.200750 0.531350 0.014685 0.093260
0 0.218880 0.529490 0.016407 0.089540
0 0.154546 0.190940 0.024185 0.095120
0 0.124324 0.215190 0.025907 0.102580
0 0.180884 0.123790 0.025046 0.098860
0 0.161454 0.105140 0.013815 0.091400
0 0.365259 0.045450 0.013815 0.061540
0 0.344097 0.065970 0.014676 0.069020
0 0.322514 0.059440 0.012954 0.059680
0 0.311718 0.060370 0.008639 0.046620
0 0.440819 0.203060 0.012954 0.070880
0 0.433907 0.310320 0.018130 0.076480
0 0.468449 0.241300 0.012954 0.050360
0 0.377347 0.148040 0.017269 0.065280
0 0.951181 0.822350 0.021583 0.078340
0 0.948593 0.696440 0.016407 0.080200
0 0.879074 0.838200 0.017278 0.061560
0 0.897208 0.779440 0.020731 0.067160
0 0.913616 0.901620 0.013824 0.076480
0 0.883824 0.930530 0.021593 0.108180
0 0.990903 0.837260 0.018139 0.067160
0 0.927431 0.755190 0.017269 0.067140
0 0.489176 0.274880 0.011222 0.050360
0 0.486588 0.231980 0.012954 0.031720
0 0.409727 0.249700 0.012954 0.082080
0 0.428727 0.235710 0.011231 0.046620
