0 0.914046 0.722550 0.016407 0.061540
0 0.775449 0.536950 0.055269 0.235020
0 0.972338 0.893230 0.027639 0.093260
0 0.481833 0.351360 0.012093 0.076480
0 0.282958 0.744560 0.034546 0.136160
0 0.243060 0.732810 0.026769 0.130580
0 0.409731 0.747730 0.014685 0.052220
0 0.136412 0.632080 0.020731 0.111920
0 0.203769 0.525760 0.012093 0.100720
0 0.219315 0.536950 0.015537 0.104460
0 0.127347 0.218920 0.026769 0.117520
0 0.154546 0.198410 0.020722 0.110060
0 0.195569 0.093940 0.012954 0.106320
0 0.211542 0.105140 0.017269 0.083920
0 0.369574 0.037060 0.015537 0.044760
0 0.346690 0.053850 0.016417 0.048500
0 0.327259 0.050110 0.013815 0.048500
0 0.314736 0.055710 0.011231 0.037300
0 0.506019 0.302860 0.012093 0.042920
0 0.486588 0.274880 0.012954 0.050360
0 0.502995 0.263690 0.011231 0.046620
0 0.392889 0.204930 0.013815 0.067140
0 0.362231 0.134050 0.016407 0.078340
0 0.542718 0.327110 0.012954 0.057820
0 0.947292 0.698300 0.022454 0.054080
0 0.651523 0.937060 0.066491 0.124960
0 0.947727 0.771980 0.018139 0.082080
0 0.909731 0.905350 0.021593 0.083940
0 0.886412 0.882030 0.014676 0.048500
0 0.895912 0.796230 0.019861 0.104460
