0 0.272856 0.737470 0.029361 0.132420
0 0.806532 0.468870 0.062176 0.251820
0 0.669662 0.895320 0.066491 0.209360
0 0.229245 0.731880 0.023324 0.117520
0 0.206796 0.535080 0.016407 0.111920
0 0.220606 0.530420 0.012954 0.091400
0 0.222769 0.481000 0.010370 0.041040
0 0.477949 0.267420 0.012954 0.069000
0 0.494787 0.252500 0.012093 0.046640
0 0.498245 0.288870 0.010361 0.044780
0 0.451611 0.219860 0.013815 0.067160
0 0.403250 0.231050 0.013815 0.063420
0 0.387708 0.198400 0.010361 0.061560
0 0.421389 0.212390 0.012093 0.048500
0 0.425273 0.292600 0.012954 0.070880
0 0.324667 0.057580 0.012093 0.055960
0 0.344963 0.061310 0.011222 0.059700
0 0.366551 0.038930 0.011231 0.048500
0 0.311713 0.056640 0.012093 0.035440
0 0.196431 0.112610 0.018139 0.083940
0 0.177866 0.088350 0.015546 0.072740
0 0.155412 0.199330 0.017269 0.104460
0 0.132097 0.221720 0.017269 0.104440
0 0.489181 0.365350 0.012954 0.059700
0 0.472773 0.395190 0.012954 0.074620
0 0.458088 0.310320 0.014676 0.080200
0 0.351440 0.143380 0.010361 0.041040
0 0.371736 0.143380 0.019861 0.085800
0 0.136412 0.629290 0.020731 0.110060
0 0.432616 0.054770 0.010361 0.083940
0 0.941685 0.852180 0.016407 0.111920
0 0.973199 0.879230 0.024176 0.080220
0 0.895912 0.864310 0.023324 0.076460
0 0.880370 0.916540 0.018130 0.076480
0 0.900231 0.785040 0.014685 0.082080
0 0.916639 0.735610 0.014685 0.095140
0 0.947722 0.761720 0.016407 0.091400
0 0.948157 0.691770 0.019000 0.067140
0 0.398935 0.282340 0.010370 0.050360
