0 0.796171 0.476330 0.060454 0.199580
0 0.157569 0.196530 0.026769 0.098860
0 0.124755 0.194680 0.021583 0.076480
0 0.202907 0.106080 0.019000 0.097000
0 0.183481 0.088350 0.016407 0.098860
0 0.368278 0.043580 0.016407 0.061560
0 0.345829 0.053840 0.012954 0.055960
0 0.326398 0.054780 0.012093 0.046640
0 0.315602 0.062240 0.009500 0.054080
0 0.455069 0.222660 0.015546 0.050360
0 0.499542 0.249700 0.012954 0.033560
0 0.480972 0.266490 0.013815 0.052220
0 0.502134 0.300070 0.012954 0.063420
0 0.367431 0.147100 0.021620 0.085800
0 0.343667 0.143380 0.019000 0.059680
0 0.401958 0.225450 0.014676 0.078340
0 0.384255 0.199340 0.013824 0.074600
0 0.535810 0.328980 0.018139 0.061560
0 0.669657 0.910240 0.061315 0.160880
0 0.978815 0.910940 0.019852 0.121240
0 0.937796 0.845660 0.020722 0.091400
0 0.948593 0.777580 0.016407 0.115640
0 0.927000 0.749600 0.023315 0.074600
0 0.900250 0.786930 0.023278 0.082140
0 0.903685 0.885760 0.016407 0.093280
0 0.881667 0.935200 0.020722 0.091400
0 0.950319 0.686170 0.025046 0.037300
0 0.922681 0.939860 0.019861 0.097000
0 0.276310 0.729080 0.029361 0.100720
0 0.239176 0.731870 0.032815 0.113780
0 0.138574 0.621830 0.021593 0.098860
0 0.203338 0.519240 0.014676 0.091400
0 0.221042 0.527630 0.015546 0.082060
0 0.222495 0.478970 0.013306 0.037300
0 0.433046 0.055710 0.018130 0.089540
0 0.463699 0.052100 0.017269 0.104200
0 0.422681 0.287000 0.014676 0.070880
0 0.469745 0.378410 0.012083 0.063420
0 0.487880 0.352290 0.013815 0.063420
