0 0.816037 0.412910 0.051815 0.199580
0 0.433477 0.052910 0.017269 0.083940
0 0.426144 0.226370 0.014694 0.057780
0 0.477088 0.383070 0.014676 0.042900
0 0.913616 0.900690 0.015546 0.078340
0 0.885116 0.839130 0.017269 0.048500
0 0.899801 0.782230 0.017269 0.083940
0 0.936500 0.747730 0.016407 0.059700
0 0.952500 0.687100 0.017222 0.050200
0 0.970176 0.882030 0.023315 0.108180
0 0.940819 0.836330 0.025046 0.110060
0 0.493926 0.362550 0.013815 0.042900
0 0.408000 0.238500 0.011222 0.070880
0 0.429593 0.304720 0.016407 0.076480
0 0.444685 0.211460 0.013778 0.054080
0 0.471042 0.244100 0.011231 0.052240
0 0.486588 0.238510 0.014676 0.044780
0 0.490472 0.284210 0.012093 0.057820
0 0.355755 0.151770 0.017269 0.054100
0 0.378208 0.149900 0.020731 0.091400
0 0.366551 0.040790 0.012954 0.052220
0 0.344097 0.059440 0.011231 0.059680
0 0.311718 0.059440 0.010361 0.044760
0 0.323806 0.069700 0.013815 0.083920
0 0.167500 0.096740 0.012093 0.085800
0 0.185639 0.117270 0.019000 0.093260
0 0.128208 0.219850 0.025046 0.123100
0 0.154546 0.192810 0.020722 0.102580
0 0.220181 0.529490 0.017269 0.089540
0 0.202046 0.528560 0.013815 0.087680
0 0.138144 0.625560 0.022454 0.106320
0 0.224926 0.730940 0.028500 0.111920
0 0.267671 0.720680 0.022454 0.117520
0 0.683477 0.868980 0.064769 0.253680
