0 0.204634 0.533220 0.015546 0.111920
0 0.803509 0.498710 0.054407 0.285380
0 0.665343 0.896250 0.073407 0.207500
0 0.271560 0.732810 0.025046 0.115660
0 0.230111 0.732810 0.028500 0.115660
0 0.219306 0.535090 0.013796 0.104460
0 0.452472 0.217060 0.013815 0.061560
0 0.534944 0.327110 0.011222 0.061540
0 0.495653 0.266490 0.013824 0.074620
0 0.480111 0.267420 0.013815 0.072760
0 0.425708 0.300990 0.017269 0.083940
0 0.473199 0.391470 0.017269 0.078340
0 0.488745 0.358820 0.012083 0.065280
0 0.409296 0.740270 0.013815 0.048500
0 0.221472 0.481000 0.016407 0.026120
0 0.136847 0.624620 0.019861 0.097000
0 0.420954 0.214260 0.016407 0.041040
0 0.368282 0.043580 0.012954 0.046640
0 0.347551 0.058500 0.019861 0.050360
0 0.323375 0.066900 0.012954 0.070880
0 0.313444 0.070630 0.012093 0.063420
0 0.155843 0.207730 0.025037 0.124980
0 0.126051 0.198400 0.025898 0.080200
0 0.199023 0.110740 0.021583 0.091400
0 0.179162 0.099550 0.019861 0.098860
0 0.400662 0.236640 0.017269 0.082080
0 0.459810 0.292600 0.018139 0.089520
0 0.388139 0.191880 0.014685 0.059680
0 0.373028 0.138710 0.017278 0.072740
0 0.347551 0.139640 0.019861 0.055960
0 0.940815 0.845660 0.016407 0.095120
0 0.977088 0.880170 0.026769 0.089540
0 0.897644 0.874570 0.019861 0.085820
0 0.876481 0.935190 0.020722 0.098860
0 0.898935 0.799030 0.020722 0.098860
0 0.947727 0.757060 0.018139 0.089520
0 0.914046 0.746790 0.018130 0.083940
0 0.946861 0.688970 0.021593 0.057820
0 0.433907 0.047310 0.016407 0.069020
