0 0.794880 0.485650 0.061315 0.225700
0 0.661889 0.904420 0.059593 0.182800
0 0.275880 0.741200 0.035407 0.143640
0 0.237449 0.737470 0.027639 0.143620
0 0.205495 0.525760 0.015546 0.100720
0 0.222333 0.532290 0.016407 0.095140
0 0.224495 0.478190 0.012083 0.042900
0 0.139005 0.634880 0.022454 0.132440
0 0.157139 0.204930 0.024185 0.119380
0 0.129505 0.207740 0.024176 0.091400
0 0.205065 0.113530 0.021593 0.104460
0 0.184773 0.084620 0.015546 0.076480
0 0.325968 0.058510 0.012954 0.046620
0 0.314306 0.059440 0.012093 0.044760
0 0.347556 0.056650 0.016407 0.042900
0 0.366120 0.043590 0.015537 0.057820
0 0.370866 0.135920 0.019861 0.070880
0 0.347986 0.137780 0.017269 0.052240
0 0.453769 0.218920 0.016407 0.054080
0 0.480111 0.263690 0.013815 0.061540
0 0.499111 0.262760 0.013815 0.041040
0 0.537968 0.329910 0.013824 0.063420
0 0.502134 0.301930 0.012954 0.052220
0 0.485722 0.351350 0.016407 0.057820
0 0.472338 0.385870 0.015546 0.074620
0 0.456792 0.305650 0.015546 0.063420
0 0.424843 0.297270 0.017278 0.087660
0 0.401093 0.224520 0.018130 0.076480
0 0.383389 0.192810 0.013815 0.057820
0 0.975792 0.898820 0.020731 0.100720
0 0.936069 0.857790 0.022454 0.119380
0 0.905412 0.882960 0.023324 0.095120
0 0.879935 0.928660 0.019000 0.085800
0 0.884685 0.863380 0.014685 0.052240
0 0.955949 0.770110 0.019028 0.093260
0 0.924843 0.749590 0.025907 0.078340
0 0.896778 0.788770 0.018130 0.082060
0 0.946866 0.686180 0.019861 0.044760
