0 0.793579 0.508980 0.060454 0.238760
0 0.662750 0.921230 0.069944 0.145540
0 0.278898 0.730940 0.025907 0.100720
0 0.240042 0.733740 0.027639 0.132440
0 0.205500 0.527630 0.013815 0.104460
0 0.219315 0.528560 0.012093 0.091400
0 0.227949 0.512710 0.017269 0.089540
0 0.135551 0.624620 0.024176 0.089520
0 0.154981 0.199330 0.023315 0.104460
0 0.127778 0.226380 0.024185 0.117520
0 0.207657 0.103270 0.016407 0.095140
0 0.189523 0.095820 0.018139 0.106320
0 0.326398 0.054780 0.006907 0.050360
0 0.315597 0.064110 0.012954 0.042900
0 0.345824 0.058510 0.014685 0.057820
0 0.367847 0.037050 0.017269 0.048500
0 0.433046 0.059440 0.014685 0.104440
0 0.459384 0.227310 0.010361 0.063420
0 0.499972 0.266490 0.015537 0.059700
0 0.481403 0.264620 0.014676 0.055960
0 0.466722 0.388670 0.021593 0.098860
0 0.483130 0.346690 0.011222 0.078340
0 0.422250 0.286070 0.017278 0.080220
0 0.343236 0.136850 0.011231 0.057820
0 0.365685 0.133120 0.023315 0.083920
0 0.414481 0.202130 0.013815 0.057820
0 0.395481 0.225450 0.017278 0.089540
0 0.381231 0.183490 0.009500 0.057820
0 0.540556 0.338300 0.013815 0.083920
0 0.505569 0.305660 0.009528 0.048480
0 0.450750 0.280470 0.013815 0.042900
0 0.980537 0.898820 0.023315 0.104440
0 0.931750 0.847520 0.020722 0.080200
0 0.895907 0.780370 0.016407 0.076460
0 0.904546 0.887630 0.018130 0.093260
0 0.883819 0.866180 0.012954 0.046640
0 0.884685 0.932400 0.023315 0.082080
0 0.959384 0.788770 0.020731 0.119380
0 0.935204 0.757060 0.027630 0.067160
0 0.914481 0.728150 0.013815 0.057820
0 0.949023 0.693630 0.024176 0.048500
0 0.410162 0.748670 0.015546 0.057820
0 0.465431 0.038110 0.015546 0.076220
