0 0.202046 0.522960 0.012093 0.087680
0 0.818620 0.389590 0.058722 0.216380
0 0.685639 0.868270 0.070815 0.263460
0 0.265083 0.715090 0.027630 0.113780
0 0.221907 0.732800 0.032815 0.126840
0 0.219315 0.527630 0.017278 0.082060
0 0.135981 0.626490 0.025037 0.115660
0 0.127778 0.215190 0.019000 0.117500
0 0.153685 0.204940 0.025907 0.126840
0 0.183046 0.121930 0.019000 0.098860
0 0.166208 0.106070 0.014676 0.100740
0 0.323375 0.069700 0.014676 0.080200
0 0.311718 0.059440 0.010361 0.052240
0 0.341940 0.054780 0.015546 0.061560
0 0.365690 0.037050 0.014676 0.048500
0 0.379940 0.153640 0.017269 0.080200
0 0.358782 0.154570 0.012954 0.055940
0 0.444704 0.203070 0.013815 0.067140
0 0.487019 0.231050 0.012093 0.037300
0 0.470176 0.236640 0.011222 0.055960
0 0.433477 0.301930 0.013824 0.063420
0 0.412324 0.243170 0.016407 0.072740
0 0.478370 0.398930 0.012111 0.063420
0 0.497380 0.365350 0.012093 0.059700
0 0.468449 0.313120 0.012954 0.089520
0 0.437792 0.050110 0.015546 0.093260
0 0.973199 0.884830 0.017269 0.128700
0 0.943407 0.844730 0.018130 0.123100
0 0.947727 0.694570 0.018139 0.080220
0 0.898505 0.785040 0.018139 0.074600
0 0.881231 0.915610 0.018130 0.089540
0 0.882093 0.840060 0.016407 0.054080
0 0.912319 0.909080 0.012954 0.091400
