0 0.928296 0.939860 0.013815 0.082080
0 0.926569 0.641410 0.015546 0.100740
0 0.949019 0.690880 0.025907 0.050280
0 0.913616 0.743060 0.018991 0.091400
0 0.896343 0.796230 0.019000 0.089540
0 0.934338 0.760790 0.022454 0.078340
0 0.958523 0.792490 0.017269 0.134300
0 0.881231 0.946390 0.018130 0.098860
0 0.884685 0.869910 0.018130 0.042900
0 0.903250 0.897890 0.019000 0.102580
0 0.935204 0.856850 0.020722 0.095140
0 0.974926 0.911870 0.032815 0.108180
0 0.506449 0.313120 0.012954 0.070880
0 0.539264 0.334570 0.012954 0.072740
0 0.415773 0.204000 0.014676 0.042920
0 0.451611 0.299130 0.013815 0.072740
0 0.484426 0.266490 0.013815 0.048500
0 0.502130 0.258090 0.014685 0.042900
0 0.465861 0.043710 0.018130 0.087420
0 0.435204 0.062230 0.017278 0.098860
0 0.346676 0.129340 0.011259 0.072840
0 0.341079 0.136850 0.012102 0.046620
0 0.369574 0.124730 0.013815 0.059700
0 0.380370 0.190010 0.011222 0.063420
0 0.396778 0.226380 0.016407 0.095120
0 0.420088 0.289800 0.012954 0.091400
0 0.459815 0.226390 0.014685 0.069020
0 0.466292 0.374670 0.013824 0.059700
0 0.485722 0.349490 0.014685 0.061540
0 0.346259 0.051050 0.012093 0.054100
0 0.370009 0.039860 0.016407 0.061560
0 0.312579 0.061310 0.012083 0.052220
0 0.327694 0.078100 0.016407 0.100720
0 0.187792 0.095820 0.019861 0.106320
0 0.207227 0.105140 0.017269 0.091400
0 0.153685 0.176950 0.020722 0.082060
0 0.131245 0.225450 0.024157 0.111900
0 0.225356 0.484730 0.015546 0.033580
0 0.221907 0.528560 0.012093 0.080200
0 0.203773 0.519240 0.017269 0.091400
0 0.136843 0.624620 0.021593 0.104440
0 0.240472 0.730940 0.025037 0.138040
0 0.279333 0.741200 0.030222 0.124960
0 0.669218 0.914670 0.065657 0.158540
0 0.794014 0.498710 0.063046 0.236900
