0 0.907569 0.892290 0.022454 0.080220
0 0.883394 0.868980 0.015546 0.044760
0 0.880366 0.939850 0.025046 0.078340
0 0.972333 0.883900 0.032815 0.074600
0 0.914907 0.729080 0.016407 0.082080
0 0.782356 0.493120 0.063898 0.218240
0 0.649801 0.917470 0.078583 0.145500
0 0.281060 0.734680 0.025046 0.126840
0 0.243065 0.736540 0.023315 0.123120
0 0.204204 0.523890 0.016407 0.104460
0 0.220611 0.530430 0.014685 0.083940
0 0.125620 0.228250 0.025037 0.136180
0 0.151954 0.172290 0.019000 0.072740
0 0.189954 0.084620 0.012093 0.095120
0 0.208954 0.103270 0.013815 0.087660
0 0.369139 0.040780 0.016407 0.055960
0 0.345824 0.053840 0.016407 0.055960
0 0.326829 0.055710 0.012954 0.052220
0 0.313009 0.055710 0.011222 0.059700
0 0.362231 0.137780 0.023315 0.082080
0 0.455931 0.227320 0.013824 0.052240
0 0.486157 0.273950 0.013815 0.063420
0 0.482269 0.345760 0.014685 0.057840
0 0.418796 0.278610 0.015537 0.072740
0 0.396778 0.216130 0.016407 0.074620
0 0.942116 0.760790 0.022454 0.074620
0 0.929162 0.845660 0.017269 0.076480
0 0.895051 0.788760 0.019861 0.085800
