0 0.340648 0.143380 0.012963 0.059680
0 0.796162 0.487530 0.055287 0.199580
0 0.667931 0.910010 0.071676 0.145500
0 0.278037 0.735600 0.031093 0.117520
0 0.239606 0.738410 0.031954 0.134300
0 0.139435 0.631150 0.028500 0.106340
0 0.204634 0.528560 0.017269 0.110040
0 0.222338 0.528560 0.012954 0.087680
0 0.224903 0.481020 0.014639 0.048440
0 0.159296 0.203060 0.028500 0.111920
0 0.130370 0.226390 0.027630 0.124980
0 0.208954 0.117270 0.024185 0.119380
0 0.186069 0.097680 0.021583 0.117520
0 0.327259 0.065970 0.015537 0.072740
0 0.311713 0.060370 0.013815 0.042900
0 0.368278 0.040790 0.014685 0.052220
0 0.346690 0.049190 0.016417 0.042900
0 0.468880 0.387730 0.013815 0.085820
0 0.484856 0.357880 0.012954 0.070880
0 0.501269 0.278610 0.018130 0.080220
0 0.482699 0.272080 0.013824 0.070880
0 0.458088 0.238500 0.012954 0.070880
0 0.421384 0.289800 0.015546 0.087680
0 0.398935 0.229180 0.013815 0.078360
0 0.382528 0.198400 0.013815 0.080200
0 0.345824 0.109800 0.011222 0.029840
0 0.538833 0.330840 0.013815 0.065280
0 0.418796 0.215190 0.015537 0.065300
0 0.958519 0.791560 0.019000 0.136160
0 0.931750 0.763580 0.019000 0.091400
0 0.894634 0.789670 0.022417 0.095060
0 0.905843 0.892290 0.015537 0.098860
0 0.885981 0.868040 0.015537 0.046640
0 0.882097 0.945450 0.025046 0.089540
0 0.973634 0.896020 0.019861 0.102600
0 0.935634 0.854050 0.018139 0.093260
0 0.369574 0.132190 0.017278 0.059700
0 0.925704 0.946380 0.019000 0.076480
0 0.951611 0.695510 0.015537 0.063420
0 0.916204 0.736540 0.013815 0.070880
