0 0.799796 0.480620 0.054407 0.216360
0 0.275880 0.738410 0.028500 0.119380
0 0.237880 0.738400 0.028500 0.138040
0 0.137278 0.629290 0.020722 0.110060
0 0.202477 0.524830 0.014676 0.095140
0 0.221042 0.528560 0.012083 0.087680
0 0.230931 0.497930 0.009528 0.083940
0 0.155412 0.181610 0.022454 0.072740
0 0.127778 0.206790 0.022444 0.078340
0 0.205931 0.119130 0.021583 0.104460
0 0.182181 0.102340 0.020731 0.108200
0 0.663616 0.909310 0.073398 0.181380
0 0.368282 0.040780 0.012954 0.055960
0 0.347556 0.052910 0.014685 0.046620
0 0.324667 0.055710 0.012093 0.048500
0 0.313870 0.061300 0.009500 0.041040
0 0.503856 0.300990 0.014676 0.057820
0 0.499972 0.254370 0.015537 0.042900
0 0.482269 0.266490 0.014685 0.063420
0 0.457227 0.231050 0.014676 0.059700
0 0.433046 0.046380 0.014685 0.070880
0 0.370870 0.133120 0.016407 0.069000
0 0.347986 0.138720 0.015546 0.050360
0 0.400662 0.220780 0.012083 0.050360
0 0.384255 0.187210 0.008639 0.054100
0 0.422255 0.283270 0.010361 0.067140
0 0.419227 0.210520 0.011231 0.055960
0 0.470181 0.384930 0.014676 0.080220
0 0.484861 0.353230 0.011222 0.057820
0 0.454204 0.290740 0.013815 0.059680
0 0.973634 0.910940 0.019861 0.132440
0 0.938657 0.850320 0.024185 0.104440
0 0.905843 0.880170 0.015537 0.089540
0 0.885116 0.855920 0.017269 0.037320
0 0.881231 0.940790 0.021593 0.102580
0 0.950921 0.761350 0.019861 0.095140
0 0.925273 0.753330 0.019861 0.078340
0 0.895912 0.789700 0.019861 0.083920
0 0.950315 0.685240 0.021593 0.046640
0 0.923977 0.929600 0.017269 0.087680
