0 0.777606 0.532290 0.057861 0.207060
0 0.654116 0.928670 0.056139 0.078340
0 0.243065 0.725350 0.028500 0.134300
0 0.283653 0.730940 0.026769 0.126840
0 0.204199 0.520170 0.019861 0.104460
0 0.221495 0.523870 0.011269 0.082140
0 0.136412 0.624620 0.027639 0.108200
0 0.158431 0.209600 0.031954 0.117520
0 0.124319 0.220790 0.029361 0.110060
0 0.196014 0.100480 0.015565 0.115640
0 0.369144 0.035190 0.014676 0.041020
0 0.433046 0.050110 0.016407 0.089540
0 0.324241 0.042650 0.009500 0.022380
0 0.314306 0.055710 0.010370 0.041020
0 0.331579 0.142440 0.012083 0.061560
0 0.341065 0.132180 0.013796 0.070880
0 0.360935 0.128460 0.019000 0.082080
0 0.388574 0.199340 0.019000 0.070880
0 0.375185 0.174160 0.009500 0.050360
0 0.461977 0.237580 0.017269 0.061560
0 0.415773 0.270220 0.019861 0.082080
0 0.410597 0.190020 0.012954 0.070880
0 0.477519 0.341100 0.015537 0.067160
0 0.506880 0.272080 0.015537 0.041040
0 0.509472 0.311260 0.012093 0.044760
0 0.489176 0.277680 0.011222 0.048480
0 0.446431 0.286070 0.015546 0.080220
0 0.892458 0.793430 0.021583 0.113780
0 0.924843 0.847520 0.024185 0.080200
0 0.952907 0.768250 0.014685 0.082060
0 0.917069 0.728150 0.024176 0.069020
0 0.947292 0.694570 0.017269 0.061540
0 0.968023 0.767320 0.010361 0.076480
0 0.910162 0.916540 0.017269 0.102600
0 0.878644 0.943580 0.019861 0.082080
0 0.968884 0.909080 0.017269 0.106320
0 0.348852 0.051050 0.012093 0.046620
0 0.210250 0.083690 0.011222 0.067140
0 0.223630 0.477270 0.013815 0.022380
