0 0.202477 0.516440 0.012954 0.100720
0 0.784944 0.530420 0.065630 0.218240
0 0.655843 0.929590 0.073407 0.113780
0 0.280625 0.737470 0.024176 0.113780
0 0.243495 0.732810 0.027639 0.130580
0 0.221907 0.530420 0.019000 0.091400
0 0.136843 0.633950 0.021593 0.115660
0 0.154546 0.204940 0.025907 0.126840
0 0.125620 0.210530 0.025037 0.100740
0 0.191681 0.095810 0.008639 0.110060
0 0.208954 0.098610 0.013815 0.085820
0 0.369144 0.030520 0.011231 0.050360
0 0.350144 0.050120 0.018139 0.044760
0 0.325968 0.057580 0.012954 0.055960
0 0.315171 0.057570 0.010361 0.052220
0 0.361806 0.139650 0.019000 0.093260
0 0.458519 0.235710 0.013815 0.065300
0 0.479245 0.342960 0.012083 0.059680
0 0.486588 0.274880 0.011231 0.057840
0 0.502995 0.263690 0.011231 0.042900
0 0.416204 0.278610 0.013815 0.080220
0 0.391593 0.208670 0.011222 0.063420
0 0.892889 0.794360 0.020722 0.097000
0 0.914481 0.730010 0.019000 0.072740
0 0.944269 0.765450 0.016407 0.083940
0 0.911023 0.902550 0.022454 0.089540
0 0.886847 0.875500 0.017269 0.054080
0 0.971907 0.896950 0.023315 0.093260
0 0.962407 0.780370 0.016407 0.110060
0 0.948157 0.693640 0.020722 0.059680
0 0.410162 0.200270 0.018991 0.057820
