0 0.156704 0.190010 0.023315 0.089540
0 0.782787 0.525760 0.049222 0.223840
0 0.642458 0.929590 0.081176 0.124980
0 0.282356 0.738410 0.024176 0.119380
0 0.244356 0.733740 0.029361 0.121240
0 0.137278 0.630210 0.020722 0.104460
0 0.203338 0.528560 0.011231 0.102600
0 0.220611 0.530420 0.014685 0.091400
0 0.129505 0.213330 0.022454 0.095140
0 0.211111 0.098610 0.014685 0.089540
0 0.194704 0.090220 0.011222 0.091400
0 0.370005 0.036130 0.012954 0.042900
0 0.349713 0.052910 0.017278 0.042900
0 0.325532 0.054780 0.010361 0.054080
0 0.316468 0.058510 0.007769 0.046620
0 0.360069 0.134080 0.017269 0.085840
0 0.332875 0.136850 0.014676 0.054100
0 0.461542 0.232920 0.012954 0.055960
0 0.504287 0.261830 0.012093 0.042900
0 0.486153 0.273950 0.010361 0.052220
0 0.509898 0.308450 0.009500 0.054100
0 0.479245 0.337370 0.012083 0.067140
0 0.462407 0.357890 0.011222 0.052220
0 0.448157 0.284200 0.013815 0.076480
0 0.415773 0.279540 0.014676 0.085800
0 0.392028 0.213330 0.013815 0.069020
0 0.410593 0.202140 0.014685 0.061560
0 0.375620 0.178810 0.012093 0.063420
0 0.433046 0.062230 0.016407 0.098860
0 0.971477 0.904420 0.022454 0.100720
0 0.923981 0.846590 0.019000 0.067140
0 0.911028 0.907210 0.019000 0.083940
0 0.885551 0.882030 0.014676 0.063420
0 0.896343 0.788770 0.019000 0.093260
0 0.947296 0.776640 0.013815 0.095120
0 0.964134 0.777570 0.014676 0.108180
0 0.948157 0.696430 0.015537 0.054100
0 0.916634 0.744000 0.019861 0.093280
