0 0.938662 0.755190 0.015546 0.067140
0 0.652819 0.913740 0.069083 0.149240
0 0.786671 0.497780 0.070806 0.201440
0 0.915343 0.721620 0.019000 0.055960
0 0.896347 0.784110 0.015546 0.083940
0 0.504287 0.305660 0.012093 0.055960
0 0.502130 0.258090 0.011222 0.027980
0 0.485722 0.270220 0.011222 0.059680
0 0.341079 0.137790 0.015546 0.048500
0 0.367417 0.139650 0.018130 0.074620
0 0.414481 0.204000 0.012093 0.057840
0 0.420523 0.279540 0.015546 0.074600
0 0.395481 0.212390 0.015537 0.074620
0 0.459384 0.227320 0.013824 0.059680
0 0.219745 0.526690 0.014676 0.083940
0 0.202907 0.519240 0.013815 0.121240
0 0.281491 0.745860 0.036278 0.141760
0 0.241338 0.730010 0.019861 0.121260
0 0.137708 0.628350 0.019861 0.108180
0 0.127347 0.201200 0.021583 0.085800
0 0.155407 0.177880 0.025907 0.080200
0 0.188657 0.080900 0.014685 0.091400
0 0.209815 0.100480 0.020722 0.097000
0 0.313444 0.055710 0.013815 0.044780
0 0.328125 0.059440 0.015546 0.059680
0 0.349278 0.048250 0.016407 0.037300
0 0.369144 0.042650 0.014676 0.048500
0 0.434343 0.052910 0.019000 0.087660
0 0.467153 0.028790 0.015546 0.057580
0 0.483565 0.349490 0.017278 0.065300
0 0.885120 0.880170 0.013815 0.052220
0 0.979676 0.885760 0.035407 0.059680
0 0.928296 0.843800 0.020722 0.065280
0 0.903685 0.885760 0.026778 0.067160
