0 0.356190 0.153630 0.012954 0.057820
0 0.811023 0.431190 0.052676 0.221980
0 0.672681 0.884830 0.069083 0.225700
0 0.270264 0.732810 0.024176 0.123100
0 0.224500 0.737470 0.025907 0.124980
0 0.134685 0.634880 0.024185 0.117520
0 0.202477 0.530430 0.012954 0.098860
0 0.219745 0.524830 0.014676 0.083940
0 0.158435 0.208670 0.028500 0.134300
0 0.126481 0.228250 0.021593 0.132420
0 0.191681 0.131250 0.020731 0.110060
0 0.170093 0.094880 0.012093 0.097000
0 0.323375 0.070640 0.012954 0.085800
0 0.312579 0.069700 0.010361 0.069000
0 0.344958 0.064110 0.012954 0.069020
0 0.366120 0.038920 0.019000 0.055960
0 0.375620 0.146180 0.020722 0.080200
0 0.448588 0.214260 0.012954 0.067160
0 0.492199 0.240370 0.012083 0.044780
0 0.473634 0.240370 0.014676 0.044780
0 0.491333 0.285140 0.013815 0.059680
0 0.478380 0.392400 0.013815 0.065280
0 0.492199 0.360680 0.015546 0.046640
0 0.430884 0.301930 0.015546 0.074620
0 0.461972 0.310330 0.017278 0.098860
0 0.407139 0.243170 0.011222 0.087660
0 0.391162 0.217060 0.012083 0.072760
0 0.424843 0.229180 0.015537 0.055960
0 0.942111 0.850330 0.019000 0.119380
0 0.952005 0.692300 0.024287 0.066240
0 0.895898 0.784070 0.021611 0.072660
0 0.888139 0.846590 0.021593 0.052220
0 0.877343 0.914670 0.019000 0.087660
0 0.917792 0.903430 0.014102 0.069020
0 0.969866 0.893610 0.017565 0.119380
0 0.901523 0.722550 0.022454 0.054100
0 0.941681 0.757980 0.021583 0.061560
