0 0.973199 0.879230 0.017269 0.102580
0 0.817759 0.411050 0.053537 0.236900
0 0.689088 0.868970 0.055269 0.235020
0 0.262491 0.714160 0.019000 0.115640
0 0.221903 0.735610 0.029361 0.139900
0 0.200750 0.531350 0.014685 0.093260
0 0.220611 0.532290 0.014685 0.098860
0 0.133389 0.624620 0.021593 0.108200
0 0.125620 0.214260 0.023315 0.100720
0 0.153255 0.200270 0.019861 0.117500
0 0.181319 0.121920 0.017269 0.106320
0 0.166639 0.105140 0.013815 0.087680
0 0.341940 0.060370 0.015546 0.054100
0 0.363958 0.044520 0.012954 0.059680
0 0.323370 0.059440 0.011222 0.048480
0 0.310852 0.063180 0.015537 0.055960
0 0.468880 0.309390 0.013815 0.078340
0 0.445995 0.198410 0.012954 0.054100
0 0.379074 0.158300 0.017278 0.097000
0 0.359213 0.154570 0.012093 0.052220
0 0.436500 0.036130 0.018130 0.057820
0 0.492199 0.281410 0.018991 0.055940
0 0.469745 0.240370 0.012083 0.044780
0 0.489176 0.236640 0.014685 0.044760
0 0.432616 0.302860 0.015546 0.065280
0 0.495218 0.360680 0.012954 0.046640
0 0.479245 0.389600 0.013824 0.055960
0 0.411023 0.238510 0.015546 0.063420
0 0.942977 0.828870 0.022454 0.106340
0 0.879935 0.842860 0.020722 0.067160
0 0.879505 0.917480 0.019861 0.085800
0 0.915343 0.911880 0.013815 0.085800
0 0.896347 0.783170 0.017269 0.074620
0 0.952907 0.705770 0.021593 0.083940
