0 0.796176 0.469800 0.058722 0.212640
0 0.668796 0.906280 0.069944 0.186520
0 0.270694 0.727220 0.023315 0.111920
0 0.236583 0.739330 0.032815 0.124980
0 0.204199 0.531350 0.012954 0.104460
0 0.220176 0.531350 0.013815 0.093260
0 0.223630 0.482860 0.013815 0.044760
0 0.138139 0.630210 0.024185 0.104460
0 0.155843 0.191880 0.021593 0.100720
0 0.127347 0.213330 0.026769 0.095140
0 0.201611 0.121000 0.025037 0.100720
0 0.181319 0.088350 0.013824 0.080220
0 0.366986 0.042660 0.010361 0.055960
0 0.347551 0.060380 0.018139 0.061560
0 0.327690 0.072500 0.014676 0.074600
0 0.312579 0.071570 0.015546 0.069020
0 0.473630 0.390530 0.016407 0.080220
0 0.486153 0.351360 0.010361 0.046640
0 0.426139 0.287940 0.018130 0.080200
0 0.453338 0.224520 0.010361 0.057840
0 0.481403 0.269290 0.011231 0.072740
0 0.496519 0.270220 0.012093 0.067160
0 0.535806 0.326180 0.009500 0.059680
0 0.402819 0.220790 0.012954 0.065300
0 0.387273 0.195610 0.012954 0.067140
0 0.371301 0.148050 0.012083 0.083940
0 0.349713 0.150840 0.017278 0.067160
0 0.458954 0.300990 0.014685 0.083940
0 0.420954 0.218920 0.014685 0.065280
0 0.433046 0.051980 0.016407 0.085800
0 0.951181 0.769190 0.019861 0.098860
0 0.938662 0.844720 0.015546 0.111920
0 0.975792 0.869910 0.032824 0.046620
0 0.901528 0.869910 0.020722 0.087660
0 0.880801 0.933330 0.020731 0.098860
0 0.899366 0.783170 0.019861 0.078340
0 0.917935 0.737470 0.019000 0.065300
0 0.947296 0.686180 0.020722 0.059680
