0 0.792718 0.516430 0.050083 0.246220
0 0.670093 0.916530 0.048352 0.154820
0 0.278898 0.743060 0.031093 0.132440
0 0.238310 0.743060 0.036269 0.147360
0 0.205065 0.532290 0.018130 0.110060
0 0.219755 0.533220 0.016417 0.093280
0 0.158866 0.208660 0.024176 0.126840
0 0.127343 0.229180 0.030222 0.130560
0 0.206361 0.113530 0.019000 0.104460
0 0.185204 0.087420 0.014685 0.082080
0 0.366981 0.136850 0.019000 0.072740
0 0.341509 0.143380 0.018130 0.067160
0 0.366986 0.037990 0.015546 0.054100
0 0.344963 0.055710 0.014685 0.048500
0 0.329431 0.065040 0.012935 0.070880
0 0.313875 0.060380 0.011231 0.050360
0 0.539264 0.321510 0.011231 0.054100
0 0.485745 0.353220 0.014639 0.072760
0 0.468440 0.375610 0.014713 0.069020
0 0.455931 0.223590 0.017269 0.052220
0 0.499125 0.251520 0.012120 0.029760
0 0.483565 0.262760 0.013815 0.055960
0 0.223315 0.475760 0.016759 0.020520
0 0.138139 0.630210 0.024185 0.104460
0 0.434769 0.061310 0.016407 0.104460
0 0.399366 0.222660 0.014676 0.065280
0 0.420944 0.274850 0.012926 0.050300
0 0.453338 0.295400 0.013824 0.072760
0 0.384255 0.194670 0.010361 0.069020
0 0.418796 0.211460 0.013815 0.057840
0 0.501699 0.297270 0.012083 0.054100
0 0.974926 0.896950 0.020722 0.100740
0 0.934773 0.840990 0.023324 0.078340
0 0.907569 0.883900 0.017269 0.082080
0 0.886412 0.870840 0.019861 0.044760
0 0.881667 0.947310 0.020722 0.104460
0 0.926139 0.940790 0.018130 0.087660
0 0.957657 0.778510 0.019000 0.124980
0 0.929162 0.758930 0.017269 0.093260
0 0.897639 0.790630 0.023315 0.089540
0 0.948588 0.685240 0.018139 0.046640
0 0.911889 0.730010 0.012093 0.057820
