0 0.488745 0.232920 0.013824 0.041040
0 0.815773 0.422790 0.053546 0.190260
0 0.677866 0.867110 0.056991 0.235020
0 0.273718 0.729080 0.031083 0.130560
0 0.226222 0.735600 0.027630 0.117520
0 0.136412 0.630210 0.020731 0.104460
0 0.202037 0.532290 0.015556 0.098860
0 0.218884 0.527630 0.014676 0.089540
0 0.153685 0.190010 0.020722 0.108180
0 0.125185 0.210530 0.025907 0.096980
0 0.189519 0.123790 0.023315 0.113780
0 0.168796 0.097680 0.016407 0.080200
0 0.365685 0.043590 0.016407 0.054100
0 0.344102 0.061310 0.016407 0.063420
0 0.323806 0.054780 0.012093 0.050360
0 0.311287 0.063180 0.009500 0.055960
0 0.490903 0.282340 0.012954 0.061560
0 0.471903 0.246900 0.012954 0.054080
0 0.459384 0.300990 0.015546 0.087660
0 0.493495 0.356960 0.011231 0.035440
0 0.477088 0.385870 0.012954 0.048500
0 0.430884 0.298200 0.015546 0.067160
0 0.409296 0.241300 0.013815 0.076480
0 0.424843 0.227310 0.013815 0.063420
0 0.445134 0.208660 0.014676 0.067160
0 0.376917 0.150840 0.021593 0.082080
0 0.356620 0.149900 0.015537 0.050360
0 0.392458 0.201200 0.011231 0.067160
0 0.942111 0.836330 0.020722 0.098860
0 0.916208 0.907210 0.017269 0.083940
0 0.887708 0.846590 0.022454 0.067140
0 0.876051 0.924000 0.023324 0.110040
0 0.950338 0.697400 0.023269 0.067200
0 0.900662 0.781310 0.020731 0.078340
0 0.973204 0.880170 0.020722 0.104460
