0 0.945551 0.755190 0.017231 0.078340
0 0.433477 0.055710 0.015546 0.100740
0 0.354894 0.156440 0.017269 0.070880
0 0.377347 0.150840 0.020731 0.100720
0 0.498259 0.292600 0.013852 0.067160
0 0.474495 0.384940 0.012954 0.065280
0 0.490903 0.358820 0.012954 0.054080
0 0.316894 0.065040 0.010361 0.067160
0 0.325963 0.060380 0.014685 0.065280
0 0.345824 0.053850 0.014685 0.048500
0 0.368278 0.042650 0.014685 0.052220
0 0.175273 0.087420 0.017269 0.082080
0 0.192542 0.123790 0.017269 0.113780
0 0.128213 0.207730 0.023315 0.095140
0 0.157139 0.196540 0.017278 0.110040
0 0.222338 0.530430 0.014676 0.087660
0 0.203769 0.527620 0.012093 0.111920
0 0.136417 0.625550 0.019000 0.095140
0 0.227088 0.730010 0.024176 0.106340
0 0.268537 0.720680 0.019000 0.095120
0 0.672704 0.869910 0.060407 0.188380
0 0.806968 0.439950 0.038861 0.205180
0 0.952477 0.684280 0.024176 0.059760
0 0.411458 0.749600 0.014676 0.041040
0 0.461542 0.291670 0.014676 0.069020
0 0.907139 0.729080 0.016407 0.055960
0 0.875616 0.940080 0.017269 0.119840
0 0.390301 0.196530 0.008639 0.042900
0 0.406273 0.235710 0.014676 0.065300
0 0.423546 0.212390 0.011222 0.059700
0 0.429157 0.289800 0.013815 0.054080
0 0.493060 0.241310 0.010361 0.039180
0 0.477088 0.254370 0.011231 0.057820
0 0.450750 0.218920 0.012093 0.065280
0 0.896778 0.880130 0.018130 0.108260
0 0.971185 0.889550 0.020537 0.113740
0 0.940838 0.840070 0.019824 0.098860
0 0.895051 0.781270 0.021583 0.078260
