0 0.676139 0.893220 0.053537 0.167880
0 0.273287 0.730010 0.026778 0.102580
0 0.233995 0.736540 0.031083 0.123120
0 0.203769 0.517370 0.012093 0.087660
0 0.803944 0.467930 0.053537 0.205180
0 0.219315 0.524830 0.013815 0.080220
0 0.226222 0.519230 0.017278 0.098860
0 0.202907 0.114470 0.022444 0.102580
0 0.183046 0.093950 0.013815 0.083940
0 0.368278 0.036130 0.016407 0.054100
0 0.346690 0.061300 0.014676 0.055960
0 0.326394 0.073430 0.015546 0.087660
0 0.313444 0.054780 0.012093 0.035440
0 0.373894 0.142440 0.017269 0.076480
0 0.346259 0.142450 0.013815 0.057820
0 0.453338 0.221730 0.017269 0.063420
0 0.478380 0.260890 0.012093 0.059700
0 0.496083 0.249700 0.011222 0.037320
0 0.498676 0.292600 0.011222 0.048480
0 0.487880 0.350420 0.013815 0.055960
0 0.471042 0.383070 0.014676 0.069020
0 0.456796 0.300990 0.013815 0.083940
0 0.426139 0.294470 0.016407 0.082060
0 0.402389 0.231980 0.017278 0.076480
0 0.385981 0.187210 0.010370 0.057820
0 0.432181 0.053840 0.012954 0.097000
0 0.939523 0.858710 0.020731 0.128700
0 0.904116 0.887620 0.020731 0.111920
0 0.879074 0.937060 0.020722 0.102600
0 0.980111 0.908140 0.019000 0.138040
0 0.952042 0.768250 0.014676 0.104460
0 0.919657 0.749600 0.020722 0.074600
0 0.895912 0.794360 0.023324 0.097000
0 0.947727 0.692710 0.019861 0.057820
