0 0.651954 0.923070 0.065630 0.123100
0 0.281491 0.729080 0.027630 0.108200
0 0.240903 0.727210 0.024176 0.123100
0 0.201611 0.528560 0.014685 0.106320
0 0.136847 0.625560 0.019861 0.091400
0 0.126051 0.209600 0.022454 0.095120
0 0.152389 0.180690 0.018130 0.078340
0 0.944704 0.757060 0.019000 0.070880
0 0.369139 0.031460 0.016407 0.044760
0 0.349713 0.048250 0.015537 0.048500
0 0.331148 0.058510 0.016407 0.057820
0 0.313440 0.056640 0.010361 0.050360
0 0.189954 0.093020 0.013815 0.115640
0 0.209815 0.098610 0.017278 0.089540
0 0.220181 0.520170 0.017269 0.078340
0 0.460681 0.236640 0.012954 0.067160
0 0.391162 0.221720 0.013824 0.089520
0 0.362667 0.137780 0.019000 0.082080
0 0.479245 0.341100 0.015546 0.055960
0 0.484861 0.272080 0.014685 0.052240
0 0.503426 0.265560 0.010370 0.035440
0 0.414912 0.264620 0.012954 0.052240
0 0.906704 0.907210 0.019000 0.098860
0 0.896778 0.788770 0.014685 0.093260
0 0.915343 0.728150 0.017278 0.072740
0 0.974931 0.900680 0.022454 0.100720
0 0.928296 0.854050 0.019000 0.074620
0 0.949884 0.690840 0.015546 0.046640
0 0.784514 0.508040 0.050954 0.207040
