0 0.777171 0.553740 0.060454 0.246200
0 0.666639 0.925860 0.067352 0.091400
0 0.156449 0.202700 0.021583 0.111920
0 0.127778 0.222650 0.022444 0.102580
0 0.202907 0.526690 0.015537 0.110060
0 0.219315 0.533230 0.010370 0.104460
0 0.221903 0.479130 0.010361 0.033580
0 0.281060 0.741200 0.025046 0.121240
0 0.245657 0.737470 0.023315 0.139900
0 0.137273 0.630210 0.022454 0.119380
0 0.433477 0.064100 0.013824 0.102600
0 0.369574 0.037060 0.013815 0.052240
0 0.347986 0.053850 0.015546 0.048500
0 0.326829 0.063170 0.011231 0.067140
0 0.315597 0.060380 0.012954 0.050360
0 0.361366 0.128440 0.014676 0.078320
0 0.341940 0.134990 0.010361 0.069020
0 0.331579 0.137780 0.017269 0.059680
0 0.461977 0.245040 0.015546 0.065280
0 0.504292 0.270210 0.010361 0.048500
0 0.486153 0.276740 0.015546 0.065280
0 0.478815 0.350420 0.014685 0.082080
0 0.461111 0.374680 0.013815 0.085800
0 0.409727 0.203060 0.012954 0.055960
0 0.391593 0.212390 0.014685 0.074620
0 0.375620 0.182550 0.012093 0.074620
0 0.541852 0.331770 0.011222 0.059700
0 0.445569 0.290730 0.015546 0.093260
0 0.417500 0.288870 0.016407 0.115660
0 0.951611 0.787840 0.017278 0.117520
0 0.964134 0.781300 0.012954 0.111920
0 0.898935 0.799960 0.019000 0.100720
0 0.916639 0.745860 0.018130 0.097000
0 0.927431 0.851260 0.022454 0.080200
0 0.911028 0.910010 0.020722 0.096980
0 0.885116 0.879230 0.015546 0.042900
0 0.878639 0.952910 0.023315 0.089540
0 0.969315 0.909080 0.018130 0.117520
0 0.946000 0.694570 0.028500 0.054100
0 0.196431 0.092080 0.012954 0.102600
0 0.212407 0.093950 0.012037 0.083940
0 0.471907 0.038110 0.014685 0.076220
