0 0.902389 0.845650 0.013815 0.042900
0 0.821218 0.403590 0.062176 0.221980
0 0.683042 0.850320 0.069083 0.220120
0 0.266810 0.719750 0.031083 0.111900
0 0.222769 0.727220 0.032815 0.126840
0 0.200750 0.523900 0.016407 0.085800
0 0.219306 0.527620 0.018981 0.082080
0 0.139005 0.630220 0.029361 0.111920
0 0.128208 0.223590 0.033676 0.119380
0 0.155412 0.197480 0.031083 0.126840
0 0.183477 0.123800 0.023324 0.106320
0 0.161454 0.096750 0.020722 0.078340
0 0.341940 0.063180 0.018991 0.070880
0 0.366120 0.037060 0.017278 0.055960
0 0.324241 0.068770 0.016407 0.067140
0 0.311713 0.065970 0.013815 0.057820
0 0.945134 0.823270 0.018139 0.087660
0 0.970181 0.874570 0.025046 0.082060
0 0.913181 0.899750 0.012954 0.072740
0 0.880366 0.843800 0.019861 0.076480
0 0.898505 0.784100 0.019861 0.076480
0 0.950319 0.700170 0.019861 0.072740
0 0.990472 0.833540 0.017278 0.055960
0 0.927880 0.747740 0.014648 0.055960
0 0.445134 0.199340 0.012954 0.052240
0 0.469315 0.240370 0.012944 0.044780
0 0.487880 0.232910 0.013815 0.029860
0 0.490042 0.275810 0.011231 0.059700
0 0.434343 0.300060 0.013815 0.059680
0 0.379505 0.148970 0.014676 0.067140
0 0.360509 0.162030 0.016407 0.063420
