0 0.280194 0.737470 0.025037 0.117500
0 0.787102 0.506180 0.054407 0.244360
0 0.662755 0.917470 0.064769 0.123100
0 0.244356 0.730010 0.029361 0.132420
0 0.220616 0.518290 0.011231 0.063420
0 0.205931 0.532290 0.018139 0.110060
0 0.221907 0.478160 0.013815 0.024320
0 0.135981 0.628350 0.021593 0.104460
0 0.206361 0.098610 0.013815 0.085820
0 0.190819 0.093020 0.017269 0.097000
0 0.154546 0.176950 0.020722 0.063420
0 0.127778 0.201200 0.025907 0.097000
0 0.328125 0.057570 0.015546 0.063420
0 0.314306 0.062240 0.012093 0.057840
0 0.370870 0.041720 0.016407 0.050360
0 0.348852 0.052920 0.013815 0.050360
0 0.436500 0.059440 0.014685 0.104440
0 0.458523 0.228250 0.010361 0.069020
0 0.502130 0.259960 0.014685 0.039160
0 0.483995 0.263690 0.012954 0.050380
0 0.482699 0.346690 0.013824 0.059700
0 0.366986 0.133120 0.017269 0.087680
0 0.340644 0.139650 0.012954 0.048500
0 0.344532 0.107940 0.008639 0.029840
0 0.418796 0.282340 0.010370 0.054080
0 0.395917 0.220780 0.016407 0.076480
0 0.379935 0.183480 0.008630 0.050360
0 0.505153 0.305660 0.010361 0.052240
0 0.540560 0.330840 0.010361 0.061560
0 0.978815 0.902550 0.025037 0.093260
0 0.893755 0.790630 0.022454 0.096980
0 0.928727 0.933320 0.012954 0.091400
0 0.931750 0.848460 0.022444 0.074600
0 0.881667 0.951050 0.020722 0.093260
0 0.904977 0.889490 0.022454 0.096980
0 0.884690 0.871780 0.012954 0.050360
0 0.960681 0.777580 0.018139 0.111920
0 0.936935 0.767320 0.019000 0.087680
0 0.915773 0.737470 0.018139 0.083940
0 0.951181 0.690840 0.018139 0.057840
0 0.467588 0.375610 0.014676 0.072740
0 0.453338 0.298200 0.013824 0.070880
0 0.417069 0.209590 0.018991 0.057820
