0 0.810852 0.445560 0.048352 0.223840
0 0.446000 0.204000 0.014685 0.046640
0 0.351440 0.140580 0.013824 0.046640
0 0.371736 0.146180 0.019861 0.087680
0 0.430889 0.044520 0.012093 0.074600
0 0.366986 0.039860 0.015546 0.050360
0 0.344958 0.064100 0.012954 0.061560
0 0.312579 0.062240 0.008639 0.050360
0 0.322509 0.054780 0.011222 0.050360
0 0.173977 0.090220 0.011231 0.080200
0 0.194273 0.111670 0.017269 0.089540
0 0.152819 0.205870 0.017269 0.128700
0 0.129505 0.222660 0.018991 0.121240
0 0.221472 0.482860 0.011222 0.033560
0 0.218449 0.531350 0.010361 0.093260
0 0.203773 0.526690 0.015546 0.095140
0 0.136417 0.633020 0.019000 0.106320
0 0.227954 0.730950 0.025907 0.119380
0 0.270694 0.734680 0.023315 0.126840
0 0.680458 0.885990 0.055269 0.201900
0 0.492199 0.240370 0.008639 0.033580
0 0.904981 0.730010 0.013815 0.061540
0 0.952477 0.693640 0.017269 0.059680
0 0.942977 0.748670 0.013824 0.069020
0 0.899366 0.785970 0.014676 0.076460
0 0.876463 0.926800 0.019037 0.097000
0 0.895912 0.855920 0.025046 0.067160
0 0.943431 0.844500 0.018157 0.111920
0 0.973389 0.887070 0.018722 0.108180
0 0.461111 0.312180 0.015537 0.076480
0 0.475792 0.389600 0.013824 0.055960
0 0.493065 0.369080 0.013815 0.059680
0 0.406273 0.239440 0.012954 0.076480
0 0.430454 0.295400 0.018130 0.069000
0 0.423977 0.219850 0.012083 0.052220
0 0.392023 0.191870 0.015546 0.052220
0 0.476222 0.253430 0.014685 0.059700
0 0.493495 0.283270 0.011231 0.052220
