0 0.203769 0.528560 0.012093 0.102600
0 0.218884 0.525760 0.011231 0.085800
0 0.156704 0.190950 0.023315 0.098860
0 0.131231 0.210530 0.019000 0.096980
0 0.190384 0.115400 0.018139 0.097000
0 0.171819 0.085550 0.013824 0.067140
0 0.367417 0.042650 0.011222 0.059700
0 0.347551 0.058510 0.019861 0.061540
0 0.325532 0.057570 0.012083 0.063420
0 0.312148 0.055710 0.011222 0.041020
0 0.376912 0.143370 0.019861 0.078340
0 0.353597 0.146170 0.014676 0.054100
0 0.493495 0.239440 0.012954 0.042920
0 0.494356 0.288870 0.011231 0.048500
0 0.474495 0.253430 0.011231 0.059700
0 0.448588 0.209590 0.014676 0.057820
0 0.430023 0.292610 0.015546 0.063420
0 0.423546 0.222660 0.014685 0.061560
0 0.461111 0.305660 0.015537 0.085800
0 0.490472 0.354160 0.010370 0.041040
0 0.476227 0.384000 0.012954 0.052240
0 0.434773 0.051040 0.019861 0.091400
0 0.974926 0.898820 0.020722 0.126840
0 0.942111 0.844720 0.020722 0.126840
0 0.875185 0.926790 0.021593 0.119380
0 0.892889 0.857780 0.019000 0.082080
0 0.897639 0.783170 0.014685 0.082060
0 0.404981 0.232920 0.012093 0.070880
0 0.948157 0.699230 0.019000 0.082060
0 0.901093 0.723480 0.018130 0.055960
0 0.807394 0.453950 0.062176 0.266740
0 0.679588 0.883890 0.062176 0.220100
0 0.270699 0.727210 0.025046 0.115660
0 0.226222 0.735600 0.024185 0.132440
0 0.137278 0.627410 0.020722 0.098860
