0 0.271139 0.727210 0.024204 0.123100
0 0.325097 0.061310 0.012954 0.063420
0 0.949884 0.684310 0.018991 0.059700
0 0.947296 0.757990 0.019000 0.076460
0 0.911028 0.760790 0.019000 0.100740
0 0.896778 0.786900 0.014685 0.089520
0 0.879074 0.928660 0.020722 0.111920
0 0.895912 0.860580 0.018139 0.069000
0 0.941681 0.833540 0.021583 0.085800
0 0.975792 0.897890 0.018991 0.113780
0 0.176569 0.104200 0.018139 0.097000
0 0.195569 0.120990 0.025046 0.108180
0 0.127778 0.214260 0.020722 0.104440
0 0.155847 0.191880 0.019861 0.097000
0 0.221472 0.527620 0.014685 0.082080
0 0.202042 0.527630 0.010361 0.104460
0 0.133819 0.617160 0.017269 0.089520
0 0.230106 0.730940 0.031954 0.115640
0 0.315171 0.068760 0.010361 0.070880
0 0.672250 0.879240 0.059593 0.188400
0 0.805236 0.453010 0.052676 0.231300
0 0.431319 0.051980 0.014676 0.082080
0 0.352736 0.148040 0.018139 0.050360
0 0.373894 0.144310 0.017269 0.083940
0 0.389435 0.199330 0.012093 0.063420
0 0.420958 0.217990 0.012954 0.063420
0 0.404116 0.235710 0.012083 0.076460
0 0.458954 0.303800 0.014685 0.070880
0 0.472773 0.386790 0.012954 0.057820
0 0.489176 0.363480 0.007778 0.059680
0 0.426569 0.298200 0.015546 0.082080
0 0.478810 0.255300 0.012954 0.059680
0 0.496519 0.293540 0.013815 0.061560
0 0.492630 0.243170 0.011222 0.027980
0 0.451181 0.217060 0.012954 0.065280
0 0.367412 0.038920 0.012954 0.044760
0 0.344528 0.058510 0.012093 0.054100
