0 0.774583 0.536960 0.057000 0.238760
0 0.649366 0.942650 0.070806 0.095140
0 0.282787 0.732810 0.035407 0.104460
0 0.243495 0.735600 0.034546 0.136160
0 0.133394 0.624620 0.026769 0.104440
0 0.202907 0.528560 0.019000 0.117520
0 0.221042 0.523900 0.013824 0.082080
0 0.223218 0.475400 0.012917 0.018640
0 0.154116 0.184410 0.019861 0.074620
0 0.128644 0.216120 0.029361 0.100720
0 0.195134 0.083690 0.012083 0.096980
0 0.211111 0.089290 0.011222 0.078340
0 0.371301 0.042650 0.013824 0.044780
0 0.349713 0.048250 0.013815 0.048500
0 0.325532 0.062240 0.012083 0.061560
0 0.313870 0.055710 0.009500 0.029860
0 0.360935 0.134990 0.019000 0.083940
0 0.340648 0.116330 0.009500 0.046620
0 0.328556 0.137780 0.016407 0.059680
0 0.505153 0.272090 0.013824 0.048500
0 0.488315 0.280480 0.014685 0.065280
0 0.461977 0.226390 0.015546 0.054100
0 0.387708 0.202140 0.015546 0.061560
0 0.417931 0.273950 0.017269 0.078340
0 0.407139 0.195600 0.012944 0.044760
0 0.479676 0.343900 0.016407 0.080200
0 0.458954 0.363480 0.014685 0.074600
0 0.449028 0.279550 0.013796 0.063420
0 0.971472 0.911870 0.019000 0.104460
0 0.950315 0.778510 0.016407 0.095140
0 0.967157 0.774780 0.013815 0.087680
0 0.915343 0.734670 0.019000 0.067140
0 0.944704 0.694570 0.017278 0.042900
0 0.895912 0.802750 0.019861 0.098860
0 0.909296 0.919330 0.019000 0.104460
0 0.923546 0.846590 0.016407 0.078340
0 0.886843 0.876430 0.013815 0.037300
0 0.877778 0.946380 0.014685 0.080200
0 0.543579 0.330840 0.014676 0.054080
0 0.430889 0.056640 0.020722 0.091400
