0 0.905581 0.162025 0.021527 0.070450
0 0.892128 0.288312 0.025117 0.085925
0 0.903792 0.229037 0.026906 0.067025
0 0.246567 0.307212 0.029608 0.137475
0 0.390117 0.379387 0.060131 0.446725
0 0.446645 0.287463 0.045770 0.125425
0 0.482983 0.161175 0.025131 0.065300
0 0.248355 0.153425 0.113943 0.056700
0 0.199008 0.192963 0.022428 0.049825
0 0.235346 0.152575 0.028708 0.061850
0 0.299047 0.180925 0.034099 0.070450
0 0.082369 0.156012 0.026018 0.054975
0 0.114217 0.186088 0.032298 0.063575
0 0.163120 0.180925 0.029608 0.077300
0 0.060836 0.229887 0.024230 0.058425
0 0.023146 0.241925 0.029608 0.113400
0 0.137095 0.304638 0.040379 0.197575
0 0.025392 0.339000 0.034099 0.104800
0 0.081919 0.363063 0.059217 0.238825
0 0.338525 0.236762 0.034099 0.171825
0 0.279758 0.321825 0.040379 0.211350
0 0.207082 0.347587 0.051136 0.262875
0 0.811377 0.259100 0.030509 0.099650
0 0.853544 0.261688 0.043068 0.149475
0 0.945509 0.284013 0.036789 0.139175
0 0.897957 0.466150 0.042180 0.276650
0 0.823035 0.468738 0.043068 0.336775
0 0.732415 0.400000 0.059217 0.378000
0 0.643584 0.419750 0.043068 0.321300
0 0.587513 0.253950 0.031397 0.072150
0 0.565979 0.334700 0.038590 0.137450
0 0.515287 0.335563 0.052037 0.290375
0 0.565078 0.130250 0.015248 0.051550
0 0.788943 0.155150 0.012559 0.046400
0 0.884054 0.199825 0.016149 0.060150
0 0.960764 0.176638 0.018838 0.044675
0 0.845920 0.170613 0.026018 0.039525
0 0.078329 0.199825 0.025117 0.053250
0 0.636860 0.220437 0.036775 0.077325
0 0.482983 0.301200 0.030509 0.111700
0 0.774132 0.186938 0.026018 0.048125
0 0.540411 0.131100 0.016149 0.046400
0 0.560150 0.192963 0.023329 0.063575
0 0.600973 0.168038 0.027820 0.085925
0 0.661534 0.188663 0.028708 0.082475
0 0.721201 0.143987 0.020627 0.065275
0 0.711332 0.193813 0.024230 0.048125
0 0.744980 0.176638 0.023329 0.068725
0 0.771899 0.246225 0.023329 0.070450
0 0.810477 0.180075 0.025131 0.061850
0 0.971084 0.256525 0.014360 0.104800
